TRIP
DATE 2011-07-06 
DECLINATION     0.00
DATA
1.263		115.25	1.13	13.865	>
1.263		207.15	-3.64	9.074	>
1.263		152.73	81.69	9.000	>
1.263		153.93	-56.71	1.231	>
1.263	1.393	172.26	12.89	28.954	>
1.393		79.32	15.11	1.285	>
1.393		257.67	0.51	2.374	>
1.393		237.43	75.77	3.822	>
1.393		191.24	-48.92	4.326	>
1.393	1.394	174.49	-8.36	10.314	>
1.394		96.55	39.55	4.413	>
1.394		271.09	-0.19	2.941	>
1.394		176.74	81.86	5.345	>
1.394		212.48	-66.01	1.195	>
1.394	1.395	306.87	-44.43	7.127	>
1.394	1.396	149.62	32.94	26.714	>
1.394	1.397	185.20	-6.53	8.396	>
1.397		98.75	-3.31	2.284	>
1.397		249.88	-4.18	1.673	>
1.397		148.73	75.52	5.969	>
1.397		121.53	-47.05	2.237	>
1.397	1.398	173.86	18.17	15.762	>
1.398		23.94	6.75	5.197	>
1.398		210.77	31.16	2.986	>
1.398		222.66	82.50	5.584	>
1.398		132.32	-69.06	1.184	>
1.398	1.399	96.49	-15.17	6.551	>
1.399		45.36	-7.63	1.144	>
1.399		215.27	2.38	3.829	>
1.399		249.03	69.32	5.143	>
1.399		175.27	-58.81	2.926	>
1.399	1.400	152.78	-44.50	5.122	>
1.400		8.05	30.90	2.479	>
1.400		192.23	42.01	3.970	>
1.400		291.57	71.05	5.093	>
1.400		289.28	-42.09	1.555	>
1.400	1.401	57.19	-0.09	4.040	>
1.401		86.50	22.91	3.306	>
1.401		307.78	26.19	2.325	>
1.401		178.68	81.18	3.126	>
1.401		141.67	-52.78	1.066	>
1.401	1.402	162.18	35.47	29.001	>
1.263		174.60	-28.77	13.361	>

PLAN
STATIONS
0.000	0.000	1.263
3.799	-27.968	1.393
4.779	-38.125	1.394
0.707	-35.071	1.395
16.118	-57.465	1.396
4.023	-46.432	1.397
5.624	-61.322	1.398
11.906	-62.037	1.399
13.577	-65.286	1.400
16.973	-63.097	1.401
24.203	-85.584	1.402
SHOTS
16.973	-63.097	24.203	-85.584
13.577	-65.286	16.973	-63.097
16.973	-63.097	20.013	-62.911
16.973	-63.097	15.324	-61.819
16.973	-63.097	16.984	-63.576
16.973	-63.097	17.373	-63.603
11.906	-62.037	13.577	-65.286
13.577	-65.286	13.875	-63.180
13.577	-65.286	12.952	-68.169
13.577	-65.286	12.039	-64.678
13.577	-65.286	12.488	-64.905
5.624	-61.322	11.906	-62.037
11.906	-62.037	12.713	-61.240
11.906	-62.037	9.697	-65.160
11.906	-62.037	10.210	-62.687
11.906	-62.037	12.031	-63.547
4.023	-46.432	5.624	-61.322
5.624	-61.322	7.718	-56.605
5.624	-61.322	4.317	-63.517
5.624	-61.322	5.130	-61.858
5.624	-61.322	5.937	-61.607
4.779	-38.125	4.023	-46.432
4.023	-46.432	6.277	-46.779
4.023	-46.432	2.456	-47.006
4.023	-46.432	4.798	-47.708
4.023	-46.432	5.322	-47.229
4.779	-38.125	16.118	-57.465
4.779	-38.125	0.707	-35.071
3.799	-27.968	4.779	-38.125
4.779	-38.125	8.159	-38.513
4.779	-38.125	1.839	-38.069
4.779	-38.125	4.822	-38.881
4.779	-38.125	4.518	-38.535
0.000	0.000	3.799	-27.968
3.799	-27.968	5.018	-27.738
3.799	-27.968	1.480	-28.475
3.799	-27.968	3.007	-28.474
3.799	-27.968	3.245	-30.756
0.000	0.000	12.538	-5.914
0.000	0.000	-4.133	-8.058
0.000	0.000	0.596	-1.156
0.000	0.000	0.297	-0.607
0.000	0.000	1.102	-11.660
POLYLINE BLACK
16.240	-73.150
POLYLINE BLACK
26.740	-81.210
POLYLINE BLACK
25.900	-80.850
26.020	-80.890
26.340	-80.770
26.140	-80.890
26.300	-81.010
26.500	-81.090
26.460	-81.170
26.340	-81.210
POLYLINE BLACK
26.020	-80.770
POLYLINE BLACK
25.700	-80.850
25.700	-81.170
25.820	-81.250
25.900	-81.250
25.980	-80.930
25.980	-81.130
26.180	-81.170
POLYLINE BLACK
25.460	-80.850
25.420	-81.090
25.420	-81.170
25.340	-80.930
25.420	-80.730
25.460	-80.810
25.380	-81.010
25.580	-81.090
25.540	-81.250
25.460	-81.250
POLYLINE BLACK
25.180	-81.170
25.140	-81.290
25.060	-81.050
25.060	-80.930
25.140	-80.850
25.060	-81.010
25.260	-81.130
25.260	-81.290
25.140	-81.330
POLYLINE BLACK
24.740	-81.050
24.700	-81.290
24.820	-81.410
24.900	-81.370
24.940	-81.130
24.900	-81.010
24.820	-80.970
24.740	-81.010
POLYLINE BLACK
24.620	-80.810
24.540	-80.810
24.340	-81.050
24.340	-81.290
24.380	-81.410
24.620	-81.530
POLYLINE BLACK
25.140	-80.090
25.420	-80.050
25.580	-80.050
POLYLINE BLACK
25.380	-79.850
25.380	-80.090
25.340	-80.250
25.380	-80.490
POLYLINE BLACK
24.260	-80.090
24.180	-80.450
24.180	-80.450
24.300	-80.090
24.460	-80.330
24.620	-80.130
24.700	-79.890
24.700	-80.090
24.780	-80.330
24.860	-80.410
POLYLINE BLACK
22.100	-79.810
22.420	-79.690
POLYLINE BLACK
22.140	-79.770
POLYLINE BLACK
22.180	-79.690
POLYLINE BLACK
22.740	-79.690
POLYLINE BLACK
22.460	-79.890
POLYLINE BLACK
22.460	-80.410
POLYLINE BLACK
22.860	-81.130
POLYLINE BLACK
23.420	-81.610
POLYLINE BLACK
23.460	-81.930
POLYLINE BLACK
22.940	-81.770
POLYLINE BLACK
22.820	-81.450
POLYLINE BLACK
23.620	-84.490
23.860	-84.290
24.140	-84.170
24.260	-84.090
23.900	-84.090
23.700	-83.970
23.700	-83.850
23.820	-83.650
23.860	-83.570
23.580	-83.210
23.580	-82.850
23.380	-82.450
23.380	-82.290
POLYLINE BLACK
22.380	-79.570
22.300	-79.570
22.340	-79.490
22.140	-79.450
22.060	-79.490
22.020	-79.370
22.140	-79.210
22.180	-79.010
22.020	-78.730
22.020	-78.490
POLYLINE BLACK
21.140	-77.450
21.300	-77.250
21.220	-77.250
21.180	-77.170
21.300	-77.010
21.260	-76.930
21.060	-76.850
21.020	-76.730
21.100	-76.370
20.860	-75.930
20.860	-75.850
POLYLINE BLACK
20.380	-75.090
20.700	-74.890
20.460	-74.810
20.420	-74.730
20.620	-74.490
20.420	-74.290
20.340	-73.850
20.180	-73.410
20.180	-73.210
POLYLINE BLACK
19.220	-71.770
19.660	-71.570
19.860	-71.490
19.420	-71.330
19.380	-71.250
19.500	-71.090
19.300	-70.970
19.260	-70.810
19.260	-70.610
19.100	-69.810
19.100	-69.730
19.020	-69.650
19.020	-69.570
18.940	-69.490
POLYLINE BLACK
17.140	-65.410
17.540	-65.210
17.620	-65.090
17.300	-65.010
17.340	-64.850
17.420	-64.730
17.260	-64.570
17.220	-64.490
17.260	-64.170
17.140	-64.010
17.100	-63.850
POLYLINE BLACK
18.140	-67.810
18.260	-67.690
18.500	-67.570
18.540	-67.490
18.380	-67.370
18.180	-67.370
18.340	-67.210
18.420	-67.010
18.100	-66.930
17.900	-66.930
17.900	-66.570
17.940	-66.370
17.740	-66.090
17.740	-65.890
POLYLINE BLACK
13.280	-68.610
13.400	-68.850
13.640	-68.910
13.820	-68.670
13.880	-68.370
13.880	-67.650
13.820	-67.110
14.060	-67.290
14.240	-67.110
14.360	-66.930
14.420	-66.690
14.480	-66.510
14.840	-66.810
15.020	-66.870
15.080	-66.510
15.260	-65.970
15.380	-65.970
15.500	-66.090
15.620	-66.090
15.800	-65.790
15.860	-65.550
16.040	-65.130
16.340	-65.490
16.580	-65.490
POLYLINE BLACK
27.470	-87.750
27.590	-87.750
27.680	-87.720
POLYLINE BLACK
27.290	-87.690
27.440	-87.630
27.500	-87.570
27.590	-87.570
27.650	-87.540
POLYLINE BLACK
27.320	-87.720
27.320	-87.870
27.290	-87.930
27.290	-88.050
27.410	-88.080
27.560	-88.050
27.680	-88.020
27.740	-87.990
POLYLINE BLACK
26.960	-87.750
26.930	-87.810
27.020	-88.110
27.080	-88.140
POLYLINE BLACK
26.600	-87.840
26.690	-87.990
26.750	-88.170
26.930	-87.870
26.990	-87.750
27.110	-87.630
POLYLINE BLACK
26.390	-87.960
26.420	-88.080
26.510	-88.230
26.570	-88.230
26.630	-88.170
26.630	-87.990
26.570	-87.870
26.450	-87.810
26.330	-87.930
POLYLINE BLACK
25.880	-88.140
25.940	-88.200
26.030	-88.200
26.150	-88.110
26.210	-87.960
26.210	-87.960
26.270	-88.050
26.270	-88.260
POLYLINE BLACK
25.850	-87.810
25.850	-88.260
POLYLINE BLACK
25.580	-87.810
25.460	-87.840
25.340	-87.960
25.310	-88.230
25.340	-88.320
25.430	-88.410
25.580	-88.440
25.760	-88.440
POLYLINE BLACK
26.420	-86.730
26.480	-86.820
26.480	-87.060
26.450	-86.850
26.390	-86.610
26.360	-86.550
26.780	-86.850
26.870	-87.000
26.780	-87.120
26.420	-87.240
26.330	-87.300
POLYLINE BLACK
25.910	-86.910
25.940	-87.150
26.060	-87.270
26.180	-87.120
26.180	-86.760
POLYLINE BLACK
25.280	-87.210
25.220	-87.330
25.220	-87.480
25.220	-87.480
25.220	-87.210
25.310	-86.790
25.400	-87.150
25.400	-87.210
25.490	-87.120
25.580	-86.820
25.640	-86.760
25.730	-87.030
25.790	-87.210
POLYLINE BLACK
17.390	-70.890
17.750	-71.160
17.930	-71.340
17.870	-71.010
17.990	-70.530
POLYLINE BLACK
17.570	-70.440
17.720	-70.920
17.810	-71.070
17.810	-71.190
17.870	-71.310
POLYLINE BLACK
17.060	-70.290
17.150	-70.620
17.090	-70.470
17.060	-70.140
17.060	-70.050
17.030	-69.990
17.180	-69.990
17.240	-70.020
17.150	-70.140
17.000	-70.200
POLYLINE BLACK
16.580	-70.050
16.550	-70.260
16.550	-70.440
16.640	-70.590
16.700	-70.620
16.820	-70.530
16.850	-70.410
16.850	-70.080
POLYLINE BLACK
17.390	-69.360
17.360	-69.540
17.360	-69.660
17.390	-69.600
17.390	-69.390
17.330	-69.090
17.300	-68.970
17.360	-68.910
17.480	-68.970
17.510	-69.090
17.420	-69.240
POLYLINE BLACK
16.850	-69.240
16.820	-69.630
16.790	-69.690
16.880	-69.210
16.940	-69.420
17.030	-69.330
17.060	-69.150
17.210	-69.570
POLYLINE BLACK
16.430	-69.510
16.670	-69.420
POLYLINE BLACK
16.430	-69.810
16.430	-69.420
16.520	-69.090
16.580	-69.330
16.640	-69.420
16.610	-69.540
POLYLINE BLACK
16.010	-69.420
15.950	-69.240
16.010	-69.090
16.160	-68.970
16.220	-68.970
16.280	-69.030
16.280	-69.210
16.010	-69.480
16.250	-69.630
16.340	-69.900
POLYLINE BLACK
16.010	-69.210
15.980	-69.300
16.010	-69.390
16.010	-69.810
16.040	-69.870
POLYLINE BLACK
22.790	-61.530
22.790	-61.590
22.790	-61.380
22.760	-61.230
22.790	-61.170
22.940	-61.200
23.000	-61.230
23.030	-61.320
22.790	-61.380
POLYLINE BLACK
22.340	-61.230
22.310	-61.410
22.370	-61.590
22.490	-61.680
22.580	-61.620
22.610	-61.350
POLYLINE BLACK
22.910	-60.840
22.880	-61.080
22.880	-60.720
22.910	-60.510
22.910	-60.420
23.090	-60.600
22.940	-60.630
POLYLINE BLACK
22.190	-60.840
22.220	-60.900
22.190	-61.110
22.190	-61.110
22.250	-60.780
22.250	-60.720
22.310	-60.660
22.280	-60.720
22.280	-60.840
22.340	-60.960
22.400	-60.960
22.550	-60.720
22.610	-60.750
22.670	-61.050
POLYLINE BLACK
21.740	-60.900
21.920	-60.870
21.980	-60.900
POLYLINE BLACK
21.710	-60.960
21.680	-61.110
21.770	-60.660
21.860	-60.510
21.950	-60.720
22.010	-60.960
POLYLINE BLACK
21.350	-60.570
21.380	-60.450
21.440	-60.390
21.590	-60.420
21.620	-60.570
21.440	-60.750
21.350	-60.810
21.380	-60.930
21.440	-60.990
21.470	-61.230
POLYLINE BLACK
21.320	-60.600
21.260	-60.900
21.260	-61.170
POLYLINE BLACK
27.140	-63.090
27.050	-63.090
26.900	-63.210
26.960	-63.270
27.050	-63.270
27.200	-63.360
27.230	-63.420
27.200	-63.480
27.050	-63.510
26.780	-63.480
POLYLINE BLACK
26.720	-63.300
26.780	-63.300
POLYLINE BLACK
26.690	-63.060
26.810	-63.030
26.720	-63.030
POLYLINE BLACK
26.660	-63.180
26.690	-63.300
26.660	-63.510
26.720	-63.600
26.840	-63.600
POLYLINE BLACK
26.300	-63.300
26.300	-63.390
26.360	-63.600
26.420	-63.630
26.510	-63.600
26.570	-63.450
26.540	-63.210
POLYLINE BLACK
25.910	-63.390
26.120	-63.570
26.150	-63.420
26.150	-63.300
POLYLINE BLACK
25.970	-63.450
25.940	-63.690
POLYLINE BLACK
25.640	-63.270
25.640	-63.420
25.670	-63.570
25.670	-63.660
POLYLINE BLACK
25.160	-63.240
25.310	-63.270
25.550	-63.210
POLYLINE BLACK
25.340	-63.330
25.340	-63.480
25.370	-63.630
POLYLINE BLACK
24.770	-63.360
24.800	-63.450
25.010	-63.600
25.040	-63.660
25.040	-63.480
25.010	-63.330
25.010	-63.270
POLYLINE BLACK
24.770	-63.420
24.770	-63.630
24.740	-63.720
POLYLINE BLACK
24.560	-63.360
24.500	-63.360
24.380	-63.600
24.440	-63.720
24.500	-63.750
24.620	-63.540
24.590	-63.390
24.500	-63.360
24.440	-63.390
POLYLINE BLACK
24.350	-63.000
24.260	-63.000
24.080	-63.150
23.960	-63.390
23.960	-63.570
24.020	-63.720
24.140	-63.810
24.260	-63.840
24.320	-63.810
POLYLINE BLACK
23.250	-63.350
23.410	-63.350
POLYLINE BLACK
23.410	-62.190
23.570	-62.190
23.650	-62.230
POLYLINE BLACK
23.410	-62.190
POLYLINE BLACK
22.810	-62.070
22.970	-62.030
23.050	-62.070
POLYLINE BLACK
22.130	-61.830
22.370	-61.910
POLYLINE BLACK
18.530	-61.710
18.930	-61.430
19.130	-61.350
19.210	-61.270
19.330	-61.270
19.410	-61.230
19.570	-61.310
19.650	-61.270
19.810	-61.390
19.970	-61.390
20.210	-61.310
20.570	-61.350
21.050	-61.750
21.370	-61.790
21.650	-61.790
21.810	-61.870
POLYLINE BLACK
22.510	-63.120
22.750	-63.180
POLYLINE BLACK
21.790	-62.940
22.090	-63.000
POLYLINE BLACK
20.110	-62.820
20.410	-62.580
20.650	-62.640
20.830	-62.820
21.070	-62.880
21.250	-62.880
POLYLINE BLACK
16.090	-60.600
16.330	-60.360
16.630	-60.360
16.810	-60.540
16.930	-60.840
17.110	-61.020
17.110	-61.140
17.530	-61.620
17.890	-61.560
18.010	-61.680
18.190	-61.620
18.430	-61.680
18.610	-61.620
POLYLINE BLACK
20.650	-72.120
20.530	-72.000
20.470	-71.700
20.410	-71.400
20.410	-70.620
20.230	-70.440
20.050	-69.840
19.990	-69.600
19.870	-69.300
19.630	-68.940
19.690	-68.520
19.450	-68.160
19.330	-67.320
19.090	-66.960
19.030	-66.720
18.790	-66.120
18.610	-65.820
18.490	-65.460
18.490	-65.220
18.910	-64.680
19.210	-64.380
19.690	-64.020
20.110	-63.360
20.170	-62.820
20.110	-62.700
POLYLINE BLACK
21.070	-78.000
21.310	-78.180
21.490	-78.660
21.430	-79.320
21.430	-79.620
21.610	-79.800
21.850	-79.860
22.150	-80.160
22.150	-80.520
22.210	-80.760
22.150	-81.120
22.270	-81.420
22.630	-81.840
22.810	-82.380
22.750	-82.800
22.750	-83.280
22.930	-83.820
22.930	-84.060
23.050	-84.480
23.230	-84.600
23.590	-85.440
23.890	-85.800
23.950	-85.920
24.250	-85.620
24.310	-85.500
24.790	-85.920
24.790	-85.560
24.910	-85.320
25.030	-85.320
25.090	-85.440
25.150	-85.200
25.150	-85.020
25.030	-84.900
25.030	-84.720
24.730	-84.360
24.490	-83.940
24.370	-83.820
24.370	-83.700
24.190	-83.340
23.950	-82.320
23.950	-82.200
23.350	-81.000
23.050	-80.400
23.050	-80.220
22.810	-79.560
22.870	-79.440
22.750	-79.020
22.630	-78.840
22.570	-78.600
22.030	-77.580
21.850	-77.280
21.850	-77.160
21.670	-76.860
21.490	-76.380
21.490	-76.200
21.370	-76.020
21.250	-75.420
21.250	-75.120
21.070	-74.580
21.070	-73.980
20.830	-73.440
20.710	-72.960
20.530	-72.300
20.470	-72.180
POLYLINE BLACK
16.570	-65.580
16.570	-65.760
16.870	-66.180
17.170	-66.480
17.650	-67.920
17.950	-68.520
18.010	-69.300
18.070	-69.540
18.490	-70.680
18.730	-70.980
18.910	-71.520
18.910	-72.480
19.210	-73.200
19.210	-73.500
19.390	-73.800
19.750	-74.340
19.990	-74.880
20.050	-75.420
20.050	-75.900
20.290	-76.260
20.290	-76.440
20.410	-76.560
20.410	-76.740
20.770	-77.400
21.310	-78.180
POLYLINE BLACK
14.210	-63.880
14.450	-63.880
14.630	-63.820
14.690	-63.460
14.630	-63.340
14.870	-63.280
14.990	-63.160
14.930	-62.860
14.870	-62.740
15.050	-62.560
15.050	-62.320
15.170	-61.900
15.770	-61.540
15.950	-61.360
16.070	-61.000
16.070	-60.700
16.010	-60.580
POLYLINE BLACK
16.970	-58.080
17.050	-58.160
17.090	-58.360
17.210	-58.520
POLYLINE BLACK
16.450	-56.920
16.650	-57.320
POLYLINE BLACK
15.810	-58.440
15.930	-58.600
16.050	-58.880
16.130	-58.960
POLYLINE BLACK
15.210	-57.720
15.490	-58.040
15.530	-58.120
POLYLINE BLACK
8.190	-38.700
8.390	-38.900
8.390	-39.900
7.990	-41.100
7.990	-41.400
8.090	-41.800
8.190	-42.700
8.190	-42.900
8.390	-43.100
8.490	-43.500
8.690	-44.000
9.290	-44.900
9.590	-45.200
10.290	-46.600
11.290	-48.000
11.490	-48.300
11.590	-48.700
12.090	-49.600
13.390	-50.900
13.790	-51.800
14.090	-53.100
15.190	-54.900
15.490	-55.200
15.690	-55.500
15.690	-55.700
16.190	-56.300
16.290	-56.600
POLYLINE BLACK
27.090	-54.600
26.890	-54.500
26.590	-54.700
27.490	-55.300
27.390	-55.600
26.690	-55.300
26.590	-55.100
POLYLINE BLACK
25.990	-54.900
26.190	-54.900
POLYLINE BLACK
26.090	-54.500
26.490	-54.300
POLYLINE BLACK
25.690	-54.600
25.690	-55.500
25.890	-55.700
26.190	-55.700
26.590	-55.500
POLYLINE BLACK
24.290	-54.900
24.790	-55.700
24.990	-55.700
25.290	-55.000
25.190	-54.800
POLYLINE BLACK
23.090	-55.200
23.990	-55.800
23.990	-54.800
23.890	-54.600
POLYLINE BLACK
23.190	-55.200
23.190	-55.600
23.090	-55.800
POLYLINE BLACK
22.690	-55.100
22.690	-55.800
POLYLINE BLACK
21.390	-55.100
22.490	-54.800
POLYLINE BLACK
21.890	-55.000
21.990	-56.100
POLYLINE BLACK
20.290	-55.500
20.790	-55.800
20.990	-56.000
21.190	-55.800
21.190	-54.900
POLYLINE BLACK
20.290	-55.400
20.390	-55.600
20.290	-55.900
POLYLINE BLACK
19.690	-55.300
19.390	-55.700
19.590	-56.100
19.790	-56.200
19.990	-56.000
19.990	-55.400
19.790	-55.300
POLYLINE BLACK
19.290	-55.000
18.490	-55.700
18.490	-56.000
18.790	-56.300
19.290	-56.300
POLYLINE BLACK
9.390	-81.760
9.150	-81.820
9.030	-81.880
9.150	-82.000
9.270	-82.000
9.390	-82.120
9.390	-82.240
9.150	-82.300
9.030	-82.240
POLYLINE BLACK
8.670	-82.480
8.910	-82.420
POLYLINE BLACK
8.610	-82.240
8.850	-82.120
POLYLINE BLACK
8.610	-81.940
8.910	-81.820
POLYLINE BLACK
8.610	-82.000
8.610	-82.420
8.550	-82.540
8.670	-82.600
8.790	-82.540
POLYLINE BLACK
8.010	-82.360
8.070	-82.600
8.190	-82.720
8.370	-82.540
8.370	-82.360
8.430	-82.240
POLYLINE BLACK
7.470	-82.540
7.770	-82.720
7.950	-82.240
7.890	-82.060
POLYLINE BLACK
7.470	-82.600
7.470	-82.960
POLYLINE BLACK
7.170	-82.540
7.170	-82.900
POLYLINE BLACK
6.570	-82.540
6.690	-82.420
6.990	-82.360
POLYLINE BLACK
6.690	-82.360
6.750	-82.660
6.750	-82.900
6.810	-83.020
POLYLINE BLACK
6.030	-82.600
6.270	-82.840
6.330	-82.600
6.330	-82.360
POLYLINE BLACK
6.030	-82.600
6.030	-82.960
POLYLINE BLACK
5.610	-82.600
5.490	-82.960
5.670	-83.140
5.730	-82.720
5.610	-82.600
POLYLINE BLACK
5.310	-82.180
5.130	-82.240
4.830	-82.840
5.070	-83.200
5.430	-83.200
POLYLINE BLACK
5.910	-80.680
5.910	-80.800
POLYLINE BLACK
5.670	-81.400
5.610	-81.520
POLYLINE BLACK
5.310	-81.400
5.250	-81.640
POLYLINE BLACK
5.310	-80.800
5.370	-80.920
5.310	-81.040
POLYLINE BLACK
8.570	-22.940
8.770	-22.860
8.770	-22.980
8.690	-23.140
8.850	-23.180
8.890	-23.300
8.850	-23.380
8.690	-23.340
POLYLINE BLACK
8.410	-23.140
8.450	-22.980
8.330	-22.860
8.250	-23.060
8.330	-23.100
8.410	-23.060
8.530	-23.260
8.570	-23.420
POLYLINE BLACK
7.890	-22.940
7.970	-22.940
8.050	-22.860
8.130	-22.860
8.130	-23.020
8.090	-23.100
8.210	-23.460
8.010	-23.500
7.930	-23.500
POLYLINE BLACK
7.170	-23.260
7.410	-23.100
POLYLINE BLACK
7.330	-23.180
7.410	-23.340
7.410	-23.460
POLYLINE BLACK
6.810	-23.140
6.690	-23.260
6.970	-23.300
7.050	-23.380
7.050	-23.460
6.970	-23.540
6.890	-23.540
POLYLINE BLACK
8.450	-24.740
8.610	-24.700
POLYLINE BLACK
8.450	-24.540
8.610	-24.460
POLYLINE BLACK
8.410	-24.580
8.410	-24.980
8.570	-25.020
POLYLINE BLACK
7.930	-24.580
7.850	-24.900
7.970	-25.020
8.050	-25.060
8.130	-25.020
8.090	-24.860
8.010	-24.860
8.090	-24.820
POLYLINE BLACK
7.330	-24.740
7.330	-24.660
7.650	-24.860
7.610	-25.020
7.530	-25.100
7.450	-25.100
POLYLINE BLACK
7.370	-24.860
7.410	-25.060
POLYLINE BLACK
7.050	-24.860
7.130	-25.100
POLYLINE BLACK
6.530	-25.100
6.610	-25.220
6.610	-25.220
6.570	-24.900
6.610	-24.740
6.690	-24.700
6.850	-24.820
6.850	-24.900
6.690	-25.060
6.610	-25.100
6.810	-25.180
6.890	-25.260
6.970	-25.260
POLYLINE BLACK
8.610	-23.940
8.610	-24.220
8.570	-24.140
8.610	-23.860
9.010	-24.100
9.050	-24.180
9.090	-24.100
9.050	-23.900
9.050	-23.700
9.010	-23.620
POLYLINE BLACK
8.290	-24.020
8.210	-24.140
8.290	-24.300
8.370	-24.220
8.370	-24.060
8.250	-23.900
POLYLINE BLACK
7.530	-24.180
7.690	-24.340
POLYLINE BLACK
7.330	-23.980
7.330	-24.340
7.410	-24.380
7.610	-24.020
POLYLINE BLACK
7.050	-24.100
7.050	-24.020
6.930	-24.180
6.890	-24.300
7.090	-24.500
POLYLINE BLACK
6.610	-24.260
6.610	-24.460
6.650	-24.540
6.730	-24.420
6.650	-24.220
POLYLINE BLACK
6.170	-24.140
6.250	-24.460
6.210	-24.220
6.210	-24.060
6.170	-23.940
6.410	-23.780
6.530	-23.980
6.290	-24.340
6.290	-24.420
6.490	-24.660
POLYLINE BLACK
6.250	-24.620
6.250	-24.740
POLYLINE BLACK
4.290	-28.740
4.850	-28.660
4.970	-28.700
4.810	-28.860
4.530	-29.020
4.610	-29.060
4.610	-29.180
4.690	-29.380
4.730	-29.660
4.850	-30.020
4.850	-30.140
POLYLINE BLACK
3.250	-28.940
3.730	-28.820
3.770	-28.900
3.570	-29.060
3.250	-29.220
3.490	-29.220
3.530	-29.300
3.450	-29.500
3.690	-29.900
3.650	-29.980
POLYLINE BLACK
2.090	-28.900
2.170	-28.900
2.290	-28.820
2.970	-28.660
2.770	-28.780
2.170	-28.900
2.090	-28.980
2.090	-29.060
2.290	-29.060
2.490	-29.140
2.530	-29.300
2.490	-29.460
2.690	-30.060
POLYLINE BLACK
4.170	-26.820
4.410	-26.700
4.490	-26.700
POLYLINE BLACK
3.810	-26.860
4.010	-26.860
4.210	-26.780
4.130	-26.700
4.210	-26.460
4.010	-26.340
3.850	-26.300
3.810	-26.220
3.930	-26.020
4.090	-25.860
4.050	-25.660
3.970	-25.580
3.930	-25.340
POLYLINE BLACK
3.050	-27.220
3.210	-27.220
3.610	-27.100
3.170	-26.980
3.290	-26.860
3.370	-26.860
3.330	-26.780
3.410	-26.700
3.370	-26.580
3.090	-26.300
3.090	-26.180
3.050	-26.100
3.090	-25.900
3.090	-25.660
3.050	-25.580
POLYLINE BLACK
1.970	-27.620
2.170	-27.540
2.610	-27.500
2.730	-27.460
2.530	-27.380
2.250	-27.340
2.450	-27.140
2.370	-27.060
2.090	-27.060
2.090	-26.940
2.250	-26.780
2.250	-26.660
2.210	-26.500
2.250	-26.300
2.130	-26.140
2.090	-26.020
2.130	-25.940
2.090	-25.820
POLYLINE BLACK
3.370	-49.470
POLYLINE BLACK
3.330	-50.110
POLYLINE BLACK
3.330	-50.830
POLYLINE BLACK
3.490	-51.270
POLYLINE BLACK
4.050	-51.550
POLYLINE BLACK
3.850	-51.630
POLYLINE BLACK
4.450	-52.270
POLYLINE BLACK
4.330	-52.270
4.410	-52.310
POLYLINE BLACK
3.930	-52.190
POLYLINE BLACK
4.890	-51.630
POLYLINE BLACK
6.170	-51.030
POLYLINE BLACK
5.610	-51.270
POLYLINE BLACK
5.690	-50.870
POLYLINE BLACK
6.250	-50.430
POLYLINE BLACK
6.210	-50.070
POLYLINE BLACK
5.730	-49.270
5.770	-49.350
POLYLINE BLACK
5.290	-48.870
POLYLINE BLACK
4.890	-48.830
POLYLINE BLACK
4.010	-48.590
POLYLINE BLACK
3.770	-48.950
POLYLINE BLACK
3.410	-49.070
POLYLINE BLACK
3.210	-47.990
POLYLINE BLACK
3.330	-47.950
3.250	-47.950
POLYLINE BLACK
3.690	-47.830
POLYLINE BLACK
5.090	-47.950
POLYLINE BLACK
5.450	-47.870
POLYLINE BLACK
5.290	-47.270
POLYLINE BLACK
3.810	-45.270
POLYLINE BLACK
2.890	-45.430
POLYLINE BLACK
3.770	-45.150
POLYLINE BLACK
3.810	-44.670
3.890	-44.670
POLYLINE BLACK
6.090	-45.110
POLYLINE BLACK
5.050	-45.390
POLYLINE BLACK
5.970	-45.630
POLYLINE BLACK
5.410	-45.550
5.450	-45.630
POLYLINE BLACK
4.930	-45.030
4.930	-45.110
POLYLINE BLACK
5.570	-45.030
5.450	-44.830
5.010	-44.350
4.890	-44.350
4.850	-44.430
POLYLINE BLACK
6.050	-44.710
POLYLINE BLACK
6.210	-44.110
POLYLINE BLACK
6.490	-43.230
POLYLINE BLACK
6.490	-42.270
POLYLINE BLACK
6.170	-40.790
POLYLINE BLACK
5.730	-40.710
POLYLINE BLACK
5.890	-39.870
POLYLINE BLACK
6.090	-39.390
6.170	-39.390
POLYLINE BLACK
6.930	-39.910
7.250	-39.830
7.290	-40.030
7.250	-40.270
7.170	-40.470
POLYLINE BLACK
7.210	-38.710
6.610	-38.990
6.290	-39.070
6.450	-39.150
6.730	-39.470
6.890	-39.750
6.970	-39.830
7.210	-39.710
7.290	-39.430
7.290	-39.230
7.210	-39.070
7.210	-38.950
POLYLINE BLACK
6.170	-40.230
6.410	-40.470
POLYLINE BLACK
6.570	-40.630
6.610	-40.790
6.610	-40.870
6.490	-41.070
6.610	-41.070
6.930	-40.750
7.010	-40.750
6.810	-39.910
POLYLINE BLACK
6.690	-39.910
6.890	-39.950
6.610	-40.030
6.330	-40.230
POLYLINE BLACK
5.610	-41.990
5.370	-41.830
5.330	-41.750
5.410	-41.550
5.530	-41.390
5.450	-41.230
5.250	-41.190
5.490	-41.150
5.730	-40.950
5.810	-40.950
5.850	-41.030
5.770	-41.390
5.850	-41.630
5.730	-41.830
5.610	-42.030
POLYLINE BLACK
5.250	-42.950
5.090	-42.910
4.890	-42.750
4.890	-42.630
4.810	-42.550
4.850	-42.470
5.050	-42.350
5.130	-42.350
5.250	-42.270
5.410	-42.270
5.530	-42.150
5.770	-42.230
5.930	-42.070
5.930	-42.150
5.850	-42.270
5.850	-42.390
5.770	-42.710
POLYLINE BLACK
5.970	-43.070
5.370	-42.670
5.330	-42.950
5.010	-43.870
5.130	-43.870
5.450	-43.990
5.770	-44.190
5.970	-43.190
5.970	-43.030
POLYLINE BLACK
7.670	-40.930
7.760	-41.020
POLYLINE BLACK
7.250	-41.230
7.310	-41.350
7.430	-41.380
7.490	-41.410
POLYLINE BLACK
7.130	-41.710
7.250	-41.770
POLYLINE BLACK
6.860	-42.190
6.920	-42.250
7.040	-42.280
7.160	-42.340
POLYLINE BLACK
6.710	-42.790
6.980	-42.820
POLYLINE BLACK
7.890	-41.070
7.770	-41.110
7.610	-41.310
7.610	-41.390
7.450	-41.630
7.170	-42.270
7.090	-42.710
7.090	-43.070
7.010	-43.230
POLYLINE BLACK
1.970	-41.750
2.130	-41.710
2.290	-41.670
2.370	-42.110
2.330	-42.190
2.010	-42.190
1.770	-42.110
1.770	-42.030
POLYLINE BLACK
1.890	-41.310
1.610	-41.470
1.250	-41.630
1.490	-41.710
1.570	-41.830
1.610	-41.990
1.690	-42.030
1.970	-41.950
2.050	-41.870
2.050	-41.310
2.010	-41.230
POLYLINE BLACK
2.490	-40.950
2.690	-40.790
2.730	-40.670
3.010	-40.310
POLYLINE BLACK
3.050	-41.350
3.610	-40.950
3.690	-40.870
POLYLINE BLACK
3.290	-41.870
3.490	-41.830
3.930	-41.790
POLYLINE BLACK
3.370	-41.910
3.490	-41.910
POLYLINE BLACK
3.170	-42.630
3.570	-42.870
3.850	-42.990
POLYLINE BLACK
3.370	-42.950
3.450	-42.990
POLYLINE BLACK
2.930	-43.350
3.450	-43.790
POLYLINE BLACK
2.810	-39.870
2.930	-39.870
3.490	-40.230
3.770	-40.630
4.090	-41.150
4.250	-41.510
4.290	-41.670
4.410	-42.110
4.410	-42.550
4.290	-43.070
4.290	-43.230
4.170	-43.670
4.050	-43.830
4.010	-43.950
3.490	-44.430
3.410	-44.470
POLYLINE BLACK
0.960	-44.810
0.900	-44.750
0.960	-44.780
1.020	-44.750
0.960	-44.720
POLYLINE BLACK
0.840	-44.240
0.930	-44.180
1.050	-44.180
1.140	-44.270
0.990	-44.390
0.930	-44.390
0.900	-44.450
0.930	-44.510
POLYLINE BLACK
0.930	-43.790
1.050	-43.760
1.050	-43.700
0.930	-43.670
0.870	-43.730
POLYLINE BLACK
1.410	-43.790
1.470	-43.790
POLYLINE BLACK
1.410	-43.670
1.590	-43.670
POLYLINE BLACK
1.440	-43.700
1.380	-43.880
1.410	-43.940
1.560	-43.940
POLYLINE BLACK
1.110	-43.760
1.110	-43.880
1.200	-43.970
1.260	-43.970
POLYLINE BLACK
0.930	-43.790
0.900	-43.910
0.960	-43.970
1.020	-43.970
1.110	-43.820
1.050	-43.730
POLYLINE BLACK
0.420	-43.910
0.540	-43.910
0.750	-43.700
0.780	-43.970
POLYLINE BLACK
0.390	-43.700
0.390	-43.850
0.420	-44.000
POLYLINE BLACK
1.680	-43.250
1.680	-43.280
1.740	-43.280
1.830	-43.340
1.950	-43.370
1.950	-43.220
1.920	-43.160
POLYLINE BLACK
1.440	-43.220
1.410	-43.280
1.500	-43.370
1.560	-43.370
1.620	-43.310
1.590	-43.250
1.500	-43.220
1.440	-43.250
POLYLINE BLACK
1.350	-43.160
1.350	-43.280
1.320	-43.340
POLYLINE BLACK
0.960	-43.190
1.170	-43.130
POLYLINE BLACK
1.110	-43.190
1.110	-43.310
1.080	-43.370
POLYLINE BLACK
0.930	-43.100
0.840	-43.220
0.840	-43.280
0.900	-43.340
0.960	-43.340
POLYLINE BLACK
0.600	-43.220
0.660	-43.220
POLYLINE BLACK
0.660	-43.070
POLYLINE BLACK
0.600	-43.100
0.630	-43.220
0.600	-43.310
0.690	-43.400
0.810	-43.400
POLYLINE BLACK
0.300	-43.070
0.360	-43.220
0.450	-43.340
0.480	-43.220
0.450	-43.130
0.480	-43.070
POLYLINE BLACK
0.300	-43.130
0.300	-43.340
POLYLINE BLACK
0.150	-43.040
0.150	-43.310
0.120	-43.370
POLYLINE BLACK
0.000	-43.160
0.090	-43.280
POLYLINE BLACK
-0.030	-43.160
-0.060	-43.280
-0.030	-43.340
POLYLINE BLACK
-0.240	-43.190
-0.240	-43.340
-0.180	-43.400
-0.120	-43.340
-0.120	-43.220
-0.180	-43.190
POLYLINE BLACK
-0.270	-42.890
-0.420	-42.980
-0.510	-43.220
-0.510	-43.310
-0.420	-43.430
-0.330	-43.460
POLYLINE BLACK
1.450	-42.590
1.690	-42.550
1.770	-42.590
POLYLINE BLACK
0.730	-42.350
0.930	-42.470
1.170	-42.590
POLYLINE BLACK
0.330	-41.950
0.410	-41.990
0.370	-41.870
0.570	-42.150
0.650	-42.190
POLYLINE BLACK
1.930	-40.670
2.210	-40.230
POLYLINE BLACK
1.170	-41.030
1.370	-40.990
1.610	-40.870
POLYLINE BLACK
0.330	-41.350
0.530	-41.150
0.770	-41.150
0.850	-41.110
POLYLINE BLACK
4.770	-39.810
4.670	-40.170
4.590	-40.390
4.630	-40.410
4.730	-40.410
4.770	-40.390
4.890	-40.390
5.130	-40.450
5.170	-40.330
5.210	-40.110
5.330	-39.930
5.330	-39.890
POLYLINE BLACK
4.170	-39.110
4.150	-39.210
3.990	-39.410
3.810	-39.590
3.870	-39.630
4.090	-39.650
4.210	-39.690
4.290	-39.610
4.470	-39.370
POLYLINE BLACK
5.530	-37.630
5.610	-37.570
5.850	-37.490
5.890	-37.490
5.990	-37.950
5.990	-38.050
6.050	-38.210
6.070	-38.470
6.070	-38.610
6.030	-38.610
5.990	-38.650
5.690	-38.730
POLYLINE BLACK
4.090	-37.430
4.210	-37.330
4.590	-37.130
4.770	-37.010
4.870	-36.970
5.070	-36.830
5.190	-36.830
5.290	-36.890
5.370	-36.990
5.390	-37.250
5.410	-37.290
5.530	-37.290
5.550	-37.410
5.530	-37.690
5.550	-37.770
5.710	-37.890
5.810	-37.930
5.830	-37.970
5.690	-38.490
5.690	-38.550
5.630	-38.750
5.630	-38.810
5.530	-39.090
5.430	-39.610
5.430	-39.770
5.410	-39.810
4.970	-39.690
4.590	-39.750
4.550	-39.670
4.590	-39.270
4.650	-39.010
4.590	-39.110
4.430	-39.150
4.370	-39.150
4.230	-39.110
4.210	-39.010
4.150	-38.910
4.130	-38.690
4.130	-38.250
4.110	-38.030
4.110	-37.610
4.090	-37.530
4.070	-37.350
POLYLINE BLACK
4.660	-38.175
4.720	-38.130
4.735	-38.160
4.690	-38.250
4.810	-38.115
4.780	-38.160
4.795	-38.115
4.795	-38.220
4.885	-38.250
4.960	-38.310
4.840	-38.025
4.810	-37.995
4.825	-38.070
4.885	-38.160
4.900	-38.205
4.780	-38.055
POLYLINE BLACK
4.735	-38.145
4.690	-38.175
4.630	-38.250
POLYLINE BLACK
4.660	-38.280
4.630	-38.325
4.645	-38.280
POLYLINE BLACK
4.795	-38.295
4.945	-38.310
4.990	-38.310
4.885	-38.160
4.810	-38.070
4.735	-37.950
5.230	-38.160
4.735	-38.010
4.750	-38.070
POLYLINE BLACK
4.735	-37.905
4.735	-37.935
4.675	-38.040
4.585	-38.265
4.540	-38.355
4.585	-38.355
4.810	-38.295
4.930	-38.295
4.960	-38.310
5.005	-38.310
5.005	-38.280
4.900	-38.130
4.810	-38.025
4.720	-37.890
4.675	-38.040
4.645	-38.085
4.645	-38.145
4.615	-38.205
4.675	-38.025
4.675	-38.070
4.600	-38.355
4.660	-38.130
4.735	-37.980
4.675	-38.100
4.645	-38.265
4.750	-38.010
4.660	-38.280
4.765	-38.055
4.690	-38.250
4.675	-38.355
4.840	-38.070
4.780	-38.235
4.735	-38.325
4.855	-38.055
4.765	-38.295
4.855	-38.160
4.855	-38.205
4.810	-38.310
4.870	-38.235
4.900	-38.220
4.915	-38.265
4.930	-38.190
4.900	-38.160
4.885	-38.100
4.795	-37.995
4.780	-37.950
4.765	-37.995
4.825	-38.115
4.960	-38.265
4.975	-38.310
4.825	-38.085
4.810	-38.040
4.780	-38.040
4.765	-38.085
4.795	-38.160
4.810	-38.295
4.825	-38.265
4.795	-38.250
4.645	-38.310
4.615	-38.340
4.795	-38.325
4.900	-38.280
4.825	-38.325
4.690	-38.310
4.660	-38.295
4.870	-38.280
4.765	-38.280
POLYLINE BLACK
4.310	-48.200
4.350	-48.280
POLYLINE BLACK
4.670	-46.960
4.670	-47.080
4.550	-47.160
4.390	-47.480
4.310	-47.520
4.750	-47.000
POLYLINE BLACK
4.270	-45.880
4.110	-45.800
3.870	-45.760
3.710	-45.680
3.630	-45.800
3.390	-47.080
3.350	-47.360
3.550	-47.320
4.350	-47.600
4.430	-47.400
4.430	-46.560
4.590	-45.960
4.190	-45.680
4.070	-45.680
POLYLINE BLACK
4.470	-49.600
4.590	-49.400
4.710	-49.200
4.790	-49.240
5.070	-49.760
5.430	-50.000
5.630	-50.240
5.470	-50.320
5.110	-50.360
4.910	-50.480
POLYLINE BLACK
4.310	-49.480
3.990	-49.760
3.710	-49.920
3.670	-50.120
3.790	-50.600
3.790	-51.080
4.030	-51.120
4.510	-51.240
4.710	-51.200
4.950	-51.040
4.990	-50.960
4.910	-50.480
4.910	-49.800
4.630	-49.560
4.270	-49.520
4.110	-49.560
POLYLINE BLACK
5.430	-52.720
5.150	-52.400
5.030	-52.000
5.470	-51.960
5.870	-51.680
6.150	-52.280
POLYLINE BLACK
5.910	-52.400
5.510	-52.840
5.190	-53.040
5.150	-53.120
5.390	-53.280
5.830	-53.840
5.870	-53.920
6.750	-53.080
6.750	-52.960
6.350	-52.400
5.910	-52.400
POLYLINE BLACK
4.230	-55.280
4.150	-55.400
4.190	-55.720
4.430	-55.960
4.510	-55.960
4.630	-55.840
4.670	-55.720
4.670	-55.520
4.470	-55.320
4.350	-55.440
POLYLINE BLACK
6.190	-55.560
6.030	-55.720
5.990	-55.840
6.150	-56.120
6.310	-56.120
6.470	-55.920
6.510	-55.680
6.470	-55.600
6.350	-55.600
POLYLINE BLACK
5.430	-55.040
5.390	-54.960
5.230	-54.960
5.230	-55.040
5.150	-55.200
5.150	-55.400
5.350	-55.640
5.470	-55.680
5.750	-55.400
5.710	-55.080
5.630	-55.000
5.550	-55.000
5.350	-55.080
POLYLINE BLACK
5.190	-59.280
5.190	-59.360
5.350	-59.440
5.630	-59.320
5.990	-58.800
5.950	-58.720
POLYLINE BLACK
4.590	-59.000
4.710	-59.160
4.910	-59.240
5.110	-59.200
5.390	-58.920
5.510	-58.640
5.470	-58.520
POLYLINE BLACK
5.470	-56.440
5.470	-56.280
5.630	-56.240
6.070	-56.360
6.270	-56.760
6.230	-56.920
POLYLINE BLACK
4.390	-56.400
4.630	-56.280
4.830	-56.320
5.030	-56.480
5.070	-56.680
POLYLINE BLACK
4.510	-57.000
4.550	-56.880
4.830	-56.800
5.030	-56.880
5.110	-57.000
POLYLINE BLACK
5.750	-57.080
5.990	-57.240
6.110	-57.400
6.150	-57.840
6.150	-58.080
6.070	-58.280
POLYLINE BLACK
5.270	-57.240
5.390	-57.240
5.710	-57.560
5.790	-58.000
5.750	-58.160
POLYLINE BLACK
4.630	-57.640
4.630	-57.560
4.790	-57.440
5.150	-57.480
5.350	-57.560
5.510	-57.920
5.510	-58.320
POLYLINE BLACK
8.250	-59.360
8.330	-59.560
POLYLINE BLACK
7.890	-59.640
8.090	-60.000
POLYLINE BLACK
7.530	-63.520
7.690	-63.440
POLYLINE BLACK
7.330	-63.560
7.530	-63.760
POLYLINE BLACK
7.090	-63.200
7.370	-63.120
POLYLINE BLACK
6.890	-62.840
7.090	-62.800
POLYLINE BLACK
6.530	-62.400
6.690	-62.400
6.770	-62.360
POLYLINE BLACK
6.730	-62.680
6.810	-62.880
7.130	-63.320
7.370	-63.480
7.490	-63.600
POLYLINE BLACK
5.890	-64.640
6.050	-64.600
6.250	-64.560
6.170	-64.480
6.050	-64.480
5.970	-64.440
6.050	-64.360
6.130	-64.360
6.170	-64.280
6.050	-64.120
6.050	-63.720
6.010	-63.520
6.050	-63.440
POLYLINE BLACK
3.170	-62.720
3.010	-62.680
2.850	-62.520
2.850	-62.360
3.130	-61.800
3.130	-61.640
3.170	-61.480
3.170	-61.360
3.090	-61.080
2.970	-60.880
3.010	-60.720
3.130	-60.560
3.330	-60.440
3.410	-60.120
3.410	-59.840
3.450	-59.680
3.450	-59.520
3.490	-59.320
3.570	-59.240
3.570	-59.160
3.650	-59.080
3.650	-58.920
3.690	-58.800
POLYLINE BLACK
10.360	-58.410
10.420	-58.440
10.510	-58.410
POLYLINE BLACK
10.540	-58.200
10.390	-58.230
10.300	-58.440
10.300	-58.530
POLYLINE BLACK
10.660	-58.470
10.870	-58.440
POLYLINE BLACK
10.840	-58.200
10.900	-58.170
POLYLINE BLACK
10.840	-58.260
10.600	-58.710
10.840	-58.710
POLYLINE BLACK
10.210	-58.320
10.090	-58.440
10.090	-58.530
10.300	-58.440
10.300	-58.620
10.390	-58.680
10.450	-58.470
10.510	-58.410
POLYLINE BLACK
10.000	-58.200
10.150	-58.260
10.240	-58.380
10.270	-58.530
10.180	-58.650
9.910	-58.650
POLYLINE BLACK
10.090	-58.350
10.090	-58.530
10.060	-58.650
POLYLINE BLACK
9.820	-58.320
9.820	-58.650
9.790	-58.710
POLYLINE BLACK
9.220	-58.440
9.190	-58.650
9.280	-58.350
9.460	-58.170
9.520	-58.140
9.550	-58.290
9.550	-58.350
9.460	-58.440
9.370	-58.440
9.250	-58.530
9.370	-58.620
9.520	-58.680
POLYLINE BLACK
11.050	-57.600
11.170	-57.780
11.230	-57.810
11.320	-57.720
11.290	-57.540
11.320	-57.450
11.290	-57.390
POLYLINE BLACK
11.110	-57.660
11.050	-57.810
10.930	-57.840
POLYLINE BLACK
10.840	-57.600
10.720	-57.780
10.750	-57.870
10.810	-57.900
10.900	-57.780
10.900	-57.630
10.870	-57.570
10.750	-57.600
POLYLINE BLACK
10.090	-57.450
10.090	-57.510
10.270	-57.690
10.300	-57.780
10.210	-57.900
10.090	-57.870
10.030	-57.810
10.240	-57.510
10.330	-57.390
10.270	-57.330
10.210	-57.330
10.090	-57.420
POLYLINE BLACK
9.910	-57.390
9.820	-57.360
9.700	-57.420
9.670	-57.480
9.730	-57.540
9.790	-57.540
9.850	-57.480
9.910	-57.780
9.910	-57.840
POLYLINE BLACK
9.220	-57.420
9.430	-57.360
9.550	-57.450
9.550	-57.510
9.430	-57.630
9.370	-57.630
9.430	-57.600
9.520	-57.690
9.550	-57.780
9.400	-57.930
9.280	-57.900
9.250	-57.840
POLYLINE BLACK
9.770	-61.670
9.690	-61.750
POLYLINE BLACK
10.530	-61.310
10.410	-61.310
POLYLINE BLACK
10.850	-61.710
POLYLINE BLACK
11.450	-62.190
POLYLINE BLACK
11.530	-62.630
POLYLINE BLACK
11.370	-63.030
POLYLINE BLACK
12.410	-63.430
POLYLINE BLACK
12.850	-63.110
12.850	-63.190
POLYLINE BLACK
12.570	-63.310
POLYLINE BLACK
12.010	-63.630
POLYLINE BLACK
11.490	-63.750
POLYLINE BLACK
11.490	-63.430
11.450	-63.550
POLYLINE BLACK
11.450	-62.990
POLYLINE BLACK
11.130	-62.830
POLYLINE BLACK
10.650	-63.190
POLYLINE BLACK
10.290	-63.150
POLYLINE BLACK
10.090	-63.030
POLYLINE BLACK
10.290	-62.550
POLYLINE BLACK
10.250	-62.710
POLYLINE BLACK
10.610	-64.470
10.530	-64.790
POLYLINE BLACK
10.290	-64.390
10.290	-64.590
10.250	-64.750
POLYLINE BLACK
9.930	-64.350
9.930	-64.550
9.890	-64.750
POLYLINE BLACK
9.690	-64.710
10.090	-64.830
10.210	-64.830
10.370	-64.910
10.450	-64.870
10.530	-64.910
10.690	-64.870
10.850	-64.870
POLYLINE BLACK
13.370	-62.510
13.850	-63.190
14.010	-63.230
14.010	-63.750
14.170	-63.990
14.330	-64.110
POLYLINE BLACK
6.210	-80.150
6.310	-79.750
6.710	-78.650
6.810	-77.750
6.910	-77.250
6.910	-76.850
7.210	-76.050
7.610	-75.350
7.610	-74.050
7.810	-73.450
7.810	-73.150
8.010	-72.750
8.710	-72.050
8.810	-71.650
8.910	-70.750
9.010	-70.350
9.210	-69.450
10.110	-67.750
10.310	-67.150
10.310	-66.750
10.610	-65.450
10.610	-65.150
11.210	-64.650
11.610	-64.650
12.010	-64.850
12.510	-65.750
12.710	-66.350
12.710	-67.250
13.210	-68.550
13.410	-69.050
POLYLINE BLACK
12.550	-61.230
13.030	-61.530
13.150	-61.710
13.270	-62.190
13.510	-62.610
POLYLINE BLACK
7.630	-62.010
7.450	-62.370
7.450	-62.670
7.810	-62.310
7.870	-62.550
8.050	-62.610
8.290	-62.550
8.590	-62.610
8.830	-62.670
9.130	-62.790
POLYLINE BLACK
8.050	-60.510
7.630	-61.410
8.410	-60.930
8.470	-61.050
8.350	-61.290
8.590	-61.470
8.830	-61.530
9.250	-61.650
POLYLINE BLACK
8.290	-58.230
8.470	-58.530
8.410	-58.650
8.530	-59.070
8.530	-59.370
8.650	-59.790
8.650	-59.910
8.830	-60.150
8.890	-60.330
9.730	-60.690
9.730	-60.810
10.030	-60.810
10.270	-60.750
10.570	-60.750
11.350	-61.050
11.710	-61.350
11.950	-61.410
12.430	-61.350
12.730	-61.350
12.850	-61.410
POLYLINE BLACK
3.370	-55.690
3.370	-55.810
3.330	-55.890
3.370	-56.050
POLYLINE BLACK
3.130	-55.690
3.570	-55.610
POLYLINE BLACK
2.690	-55.930
2.890	-55.890
2.970	-55.850
POLYLINE BLACK
2.770	-55.690
2.930	-55.570
3.010	-55.570
POLYLINE BLACK
2.770	-55.770
2.810	-56.050
2.770	-56.130
POLYLINE BLACK
2.490	-55.690
2.530	-55.850
2.530	-56.050
POLYLINE BLACK
1.930	-55.770
2.130	-55.570
2.210	-55.570
2.290	-55.650
2.290	-55.770
2.050	-55.850
2.250	-56.090
POLYLINE BLACK
1.970	-55.690
1.930	-55.770
2.010	-56.170
POLYLINE BLACK
3.450	-55.170
3.410	-55.450
POLYLINE BLACK
3.290	-55.130
3.570	-55.130
3.650	-55.090
POLYLINE BLACK
2.970	-55.170
3.130	-55.130
POLYLINE BLACK
3.130	-54.970
3.290	-54.850
POLYLINE BLACK
3.010	-54.970
2.970	-55.330
3.130	-55.450
3.210	-55.410
POLYLINE BLACK
2.690	-54.930
2.690	-55.370
2.890	-55.410
POLYLINE BLACK
2.450	-54.850
2.490	-55.330
2.530	-55.450
POLYLINE BLACK
2.170	-54.930
2.330	-55.250
2.410	-55.330
POLYLINE BLACK
2.130	-54.930
2.130	-55.250
2.170	-55.450
POLYLINE BLACK
2.090	-54.970
POLYLINE BLACK
1.810	-54.810
1.850	-55.370
POLYLINE BLACK
1.090	-54.730
1.050	-54.810
1.130	-55.130
1.170	-55.290
POLYLINE BLACK
0.770	-55.050
1.010	-55.010
POLYLINE BLACK
0.810	-54.730
0.850	-55.130
0.890	-55.370
POLYLINE BLACK
0.370	-54.690
0.210	-54.810
0.210	-55.090
0.330	-55.290
0.490	-55.290
0.570	-55.210
0.530	-55.010
0.450	-55.010
0.610	-54.930
POLYLINE BLACK
-0.030	-54.610
-0.030	-54.730
0.050	-54.930
0.050	-55.330
POLYLINE BLACK
-0.230	-54.570
-0.230	-54.930
-0.150	-55.330
POLYLINE BLACK
-0.590	-54.970
-0.470	-54.970
-0.270	-54.890
POLYLINE BLACK
-0.670	-54.490
-0.550	-55.010
-0.590	-55.250
-0.550	-55.330
POLYLINE BLUE
4.210	-58.210
4.530	-58.490
4.730	-58.570
4.810	-58.650
4.570	-58.650
4.410	-58.690
4.090	-58.770
POLYLINE BLUE
2.730	-57.890
2.930	-58.130
3.090	-58.090
3.250	-58.090
3.450	-58.330
3.810	-58.290
3.930	-58.450
4.130	-58.490
4.450	-58.650
POLYLINE BLACK
3.410	-59.090
3.450	-58.890
POLYLINE BLACK
3.130	-58.970
3.170	-58.890
POLYLINE BLACK
2.850	-58.810
2.850	-58.690
2.890	-58.610
POLYLINE BLACK
2.450	-58.530
2.490	-58.330
2.570	-58.250
POLYLINE BLACK
2.210	-58.330
2.250	-58.170
POLYLINE BLACK
1.770	-58.170
1.890	-57.890
POLYLINE BLACK
1.490	-57.890
1.530	-57.810
POLYLINE BLACK
1.170	-57.490
1.250	-57.450
POLYLINE BLACK
0.810	-57.090
0.890	-57.010
POLYLINE BLACK
0.690	-56.490
0.850	-56.610
POLYLINE BLACK
3.610	-57.770
3.570	-57.850
POLYLINE BLACK
3.210	-57.730
3.130	-57.770
3.130	-57.850
POLYLINE BLACK
2.890	-57.450
2.890	-57.530
POLYLINE BLACK
2.570	-57.130
2.450	-57.290
POLYLINE BLACK
2.330	-56.810
2.290	-56.970
2.250	-57.050
POLYLINE BLACK
1.970	-56.530
1.930	-56.730
POLYLINE BLACK
1.570	-56.330
1.570	-56.490
POLYLINE BLACK
1.250	-56.090
1.290	-56.370
POLYLINE BLACK
0.930	-56.050
0.970	-56.210
POLYLINE BLACK
6.430	-73.150
6.430	-74.110
6.370	-74.410
6.370	-74.710
6.190	-75.250
5.830	-75.790
5.830	-76.210
5.890	-76.510
5.890	-77.050
5.650	-77.830
5.590	-78.310
5.710	-78.970
5.710	-79.390
5.590	-79.750
5.530	-79.990
5.410	-80.530
POLYLINE BLACK
6.870	-71.610
7.030	-71.770
POLYLINE BLACK
6.990	-71.290
7.150	-71.370
7.190	-71.450
POLYLINE BLACK
7.190	-70.930
7.470	-71.010
POLYLINE BLACK
7.350	-70.650
7.470	-70.650
7.550	-70.690
POLYLINE BLACK
7.590	-70.250
7.750	-70.290
POLYLINE BLACK
7.670	-69.730
7.910	-69.770
POLYLINE BLACK
7.710	-69.290
7.870	-69.330
POLYLINE BLACK
7.870	-69.010
7.950	-69.010
POLYLINE BLACK
7.910	-68.810
8.070	-68.810
POLYLINE BLACK
7.710	-69.130
7.830	-68.610
POLYLINE BLACK
6.830	-71.690
7.150	-71.210
7.150	-71.130
POLYLINE BLACK
7.610	-69.290
7.610	-69.590
7.310	-70.690
7.110	-71.290
POLYLINE BLACK
6.310	-70.690
6.210	-71.090
6.410	-71.590
6.610	-71.690
6.510	-72.390
6.510	-73.290
6.610	-73.490
POLYLINE BLACK
7.110	-64.190
6.910	-64.290
6.810	-64.990
6.810	-65.490
6.910	-65.890
6.910	-66.790
7.410	-67.890
7.710	-68.290
8.010	-67.990
8.510	-67.190
8.710	-66.290
9.210	-65.690
9.210	-65.490
9.510	-65.090
9.510	-64.790
8.910	-64.390
8.510	-64.290
7.910	-63.990
7.310	-63.990
6.910	-64.190
6.810	-64.490
POLYLINE BLACK
5.210	-63.790
5.610	-63.790
5.710	-63.990
5.610	-64.390
5.610	-65.490
5.710	-65.690
5.510	-66.090
5.510	-66.390
5.310	-66.990
5.210	-67.690
5.610	-68.290
5.610	-68.490
6.210	-69.590
6.410	-70.490
6.310	-70.890
POLYLINE BLACK
3.140	-62.720
3.470	-62.810
3.620	-62.810
3.890	-62.900
3.950	-62.960
3.950	-63.050
3.920	-63.170
3.920	-63.320
4.010	-63.410
4.460	-63.500
5.000	-63.950
5.120	-63.980
5.270	-63.830
5.360	-63.620
POLYLINE BLACK
7.580	-59.960
7.760	-60.080
POLYLINE BLACK
7.100	-60.410
7.310	-60.500
POLYLINE BLACK
6.830	-60.830
7.070	-61.010
POLYLINE BLACK
6.530	-61.430
6.740	-61.490
6.800	-61.550
POLYLINE BLACK
6.440	-62.030
6.710	-62.030
POLYLINE BLACK
7.370	-58.880
7.310	-58.730
POLYLINE BLACK
7.070	-59.390
6.980	-59.240
6.920	-59.210
POLYLINE BLACK
6.740	-59.810
6.590	-59.600
POLYLINE BLACK
6.290	-60.140
6.200	-59.990
POLYLINE BLACK
5.960	-60.440
5.900	-60.290
5.840	-60.230
POLYLINE BLACK
5.420	-60.560
5.300	-60.320
5.300	-60.260
POLYLINE BLACK
4.910	-60.650
4.880	-60.470
4.910	-60.320
POLYLINE BLACK
4.430	-60.500
4.640	-60.200
POLYLINE BLACK
4.100	-60.170
4.370	-59.870
POLYLINE BLACK
3.950	-59.720
4.160	-59.570
POLYLINE BLACK
4.010	-59.690
3.950	-59.720
POLYLINE BLACK
8.180	-59.210
8.060	-59.330
8.060	-59.450
7.700	-59.750
7.580	-60.050
7.160	-60.470
7.040	-60.650
7.040	-60.770
6.740	-61.130
6.740	-61.250
6.560	-61.490
6.440	-62.030
6.560	-62.570
6.860	-62.870
POLYLINE BLACK
3.740	-59.210
3.740	-59.450
4.040	-60.110
4.520	-60.710
5.000	-60.770
5.300	-60.770
5.900	-60.530
6.680	-59.990
7.460	-58.910
7.760	-58.250
POLYLINE BLACK
3.680	-54.350
3.740	-54.890
3.920	-55.670
3.980	-56.210
4.040	-56.330
3.920	-56.690
3.920	-56.990
4.160	-57.470
4.160	-57.770
3.980	-57.950
3.620	-58.070
3.320	-58.010
3.080	-57.950
2.000	-56.930
1.100	-56.510
1.040	-56.750
1.460	-57.410
2.300	-58.070
3.140	-58.670
3.620	-58.790
3.860	-58.610
3.860	-58.370
3.560	-58.010
POLYLINE BLACK
2.520	-43.650
2.620	-44.550
2.920	-45.150
2.620	-45.650
2.620	-46.450
2.820	-47.150
2.420	-47.950
2.520	-48.450
2.920	-49.050
2.920	-49.350
3.020	-49.550
2.920	-49.950
2.820	-50.850
2.920	-51.250
3.420	-52.950
3.420	-53.450
3.620	-54.050
3.720	-54.550
POLYLINE BLACK
6.220	-46.350
6.120	-46.750
6.020	-47.250
6.120	-47.650
6.320	-48.050
6.220	-48.550
6.220	-48.750
6.720	-49.450
6.820	-50.250
6.620	-51.750
6.720	-52.250
7.220	-52.850
7.420	-53.750
7.420	-54.650
7.620	-55.250
7.620	-56.350
7.820	-57.050
8.020	-57.250
8.120	-57.650
8.320	-58.350
POLYLINE BLACK
-1.240	-41.190
-1.240	-41.190
POLYLINE BLACK
-1.420	-40.110
-0.880	-39.930
-0.820	-40.230
-1.000	-40.350
-1.240	-40.410
-1.120	-40.770
-1.120	-40.890
POLYLINE BLACK
-0.700	-41.670
POLYLINE BLACK
-1.000	-41.610
POLYLINE BLACK
-1.480	-41.610
POLYLINE BLACK
-2.080	-41.550
POLYLINE BLACK
-2.500	-41.610
POLYLINE BLACK
-0.640	-41.490
POLYLINE BLACK
-1.180	-41.430
POLYLINE BLACK
-1.840	-41.430
-1.720	-41.430
POLYLINE BLACK
-2.380	-41.310
POLYLINE BLACK
-3.100	-41.610
POLYLINE BLACK
-3.040	-41.250
-2.920	-41.250
POLYLINE BLACK
2.180	-42.990
POLYLINE BLACK
1.700	-42.690
1.880	-42.750
POLYLINE BLACK
0.920	-42.570
POLYLINE BLACK
0.560	-42.390
POLYLINE BLACK
0.260	-41.850
0.320	-41.970
POLYLINE BLACK
0.440	-41.370
POLYLINE BLACK
1.340	-41.010
1.220	-41.010
POLYLINE BLACK
1.940	-40.710
1.820	-40.830
POLYLINE BLACK
2.240	-40.050
2.240	-40.170
POLYLINE BLACK
1.400	-21.570
1.340	-23.010
1.880	-22.890
2.480	-22.710
2.360	-22.290
2.360	-22.050
2.600	-21.570
2.600	-21.450
2.180	-21.210
1.640	-21.210
POLYLINE BLACK
-0.220	-19.710
-0.580	-20.070
-0.400	-20.370
-0.040	-20.670
0.200	-20.730
0.500	-21.090
1.160	-21.390
0.920	-21.390
0.740	-21.150
0.860	-20.490
0.860	-19.470
0.680	-19.290
0.560	-19.350
0.440	-19.290
0.260	-19.350
0.020	-19.290
-0.220	-19.410
POLYLINE BLACK
0.380	-19.350
POLYLINE BLACK
2.120	-17.790
1.520	-18.210
1.100	-18.330
0.560	-18.390
0.440	-18.450
0.560	-18.570
0.800	-18.630
1.580	-19.290
1.640	-19.410
2.060	-19.170
2.360	-18.450
2.360	-18.090
POLYLINE BLACK
2.780	-17.970
3.080	-18.150
3.320	-18.690
3.680	-18.390
4.040	-17.190
4.100	-17.070
POLYLINE BLACK
2.840	-16.110
3.140	-15.630
3.380	-15.150
3.440	-15.390
3.620	-15.450
3.920	-15.750
4.220	-16.410
4.220	-16.590
4.040	-16.770
3.560	-17.010
3.200	-16.950
3.020	-16.890
POLYLINE BLACK
1.340	-16.110
1.580	-15.990
1.820	-15.690
2.000	-15.690
2.120	-15.630
2.240	-15.990
2.660	-16.590
2.840	-16.950
2.780	-17.190
2.240	-17.550
1.820	-17.730
1.640	-17.850
1.400	-17.370
POLYLINE BLACK
0.980	-14.970
0.920	-15.090
0.200	-15.570
0.140	-15.690
0.440	-15.930
0.740	-16.410
0.980	-17.250
0.920	-17.550
1.340	-17.130
1.580	-16.950
1.820	-16.950
1.820	-16.650
1.640	-16.290
1.340	-15.330
1.100	-15.030
POLYLINE BLACK
-4.660	-12.330
-4.720	-12.570
-4.480	-11.850
-4.420	-12.090
-4.420	-12.270
-4.180	-12.570
-4.540	-12.810
-4.780	-12.630
POLYLINE BLACK
-5.860	-12.210
-5.920	-12.750
-5.740	-12.210
-5.560	-12.450
-5.380	-12.450
-5.140	-12.030
-4.960	-12.750
POLYLINE BLACK
-6.400	-12.210
-6.460	-12.690
-6.400	-12.870
POLYLINE BLACK
-7.000	-12.150
-7.000	-12.330
-7.120	-12.810
-6.820	-12.870
-6.700	-12.870
POLYLINE BLACK
-7.660	-12.210
-8.020	-12.630
-7.900	-12.930
-7.720	-12.990
-7.480	-12.870
POLYLINE BLACK
-4.840	-10.530
-4.780	-10.770
-4.780	-10.890
-4.540	-10.230
-4.240	-10.170
-4.180	-10.290
-4.480	-10.650
-4.480	-10.830
-4.060	-10.950
POLYLINE BLACK
-5.500	-10.770
-5.260	-10.650
POLYLINE BLACK
-5.260	-10.410
-5.080	-10.230
-4.960	-10.170
POLYLINE BLACK
-5.380	-10.350
-5.380	-10.830
-5.440	-11.070
-5.200	-11.130
-4.900	-11.010
POLYLINE BLACK
-6.100	-10.590
-6.100	-10.470
-5.980	-10.410
-5.620	-10.770
-5.560	-11.010
-5.860	-11.310
-6.160	-11.310
POLYLINE BLACK
-6.100	-10.650
-6.040	-10.890
-6.040	-11.190
-5.980	-11.310
POLYLINE BLACK
-7.000	-10.710
-6.400	-11.250
-6.340	-10.710
POLYLINE BLACK
-6.880	-10.590
-6.880	-10.830
-6.940	-11.190
-6.940	-11.310
POLYLINE BLACK
-7.720	-10.710
-7.900	-10.830
-7.960	-11.010
-7.600	-11.550
-7.360	-11.310
-7.180	-10.530
-7.240	-10.350
POLYLINE BLACK
-3.220	-8.790
-3.280	-8.910
-3.160	-9.270
-3.280	-9.150
-3.280	-8.790
-3.340	-8.670
-3.280	-8.490
-3.040	-8.550
-2.740	-8.730
-2.440	-9.030
-2.200	-9.270
-2.200	-8.970
-2.380	-8.430
-2.380	-8.010
POLYLINE BLACK
-3.640	-8.610
-3.820	-8.910
-3.760	-9.030
-3.820	-9.210
-3.760	-9.390
-3.640	-9.450
-3.520	-9.390
-3.520	-8.910
-3.700	-8.670
POLYLINE BLACK
-4.780	-8.310
-5.020	-9.270
-5.020	-9.570
-5.080	-9.690
POLYLINE BLACK
-5.320	-8.610
-5.080	-8.790
POLYLINE BLACK
-6.040	-9.150
-5.680	-9.030
-5.560	-9.030
POLYLINE BLACK
-6.100	-8.790
-6.100	-9.270
-6.160	-9.450
-6.160	-9.270
-5.980	-8.550
-5.860	-8.490
-5.560	-8.970
-5.380	-9.630
POLYLINE BLACK
-7.540	-8.550
-7.600	-8.850
-7.600	-9.570
-7.060	-9.030
-6.940	-9.030
-6.820	-9.450
-6.700	-9.630
-6.700	-9.750
-6.700	-9.570
-6.640	-9.450
-6.700	-9.030
-6.520	-8.610
POLYLINE BLACK
3.980	-11.010
4.280	-11.070
4.400	-11.190
4.220	-11.490
4.100	-11.490
3.980	-11.610
4.100	-11.730
4.100	-12.030
3.860	-12.390
POLYLINE BLACK
2.300	-10.710
3.200	-10.830
3.380	-10.890
3.380	-10.470
3.260	-10.830
2.960	-10.890
2.720	-11.250
2.780	-11.490
2.960	-11.790
2.840	-12.090
2.600	-12.450
POLYLINE BLACK
0.680	-10.770
0.920	-10.710
1.640	-10.710
1.040	-11.310
1.160	-11.490
1.160	-11.850
1.100	-12.150
1.160	-12.510
1.100	-12.750
POLYLINE BLACK
-1.180	-11.250
-0.760	-11.070
-0.280	-11.010
-0.160	-11.070
-0.760	-11.610
-0.940	-11.670
-0.700	-11.730
-0.400	-12.330
-0.400	-12.570
-0.220	-12.990
POLYLINE BLACK
-3.340	-11.970
-2.020	-11.130
-2.020	-11.130
-2.260	-11.310
-2.560	-11.730
-2.860	-12.090
-2.680	-12.210
-2.380	-12.210
-2.260	-12.150
-2.200	-12.450
-2.260	-12.630
-2.140	-13.050
-1.840	-13.470
POLYLINE BLACK
2.720	-12.990
2.840	-13.350
2.960	-13.470
POLYLINE BLACK
2.240	-13.110
2.240	-13.530
2.300	-13.650
POLYLINE BLACK
1.460	-13.230
1.580	-13.770
POLYLINE BLACK
0.800	-13.410
0.800	-13.770
0.740	-13.950
0.860	-14.070
POLYLINE BLACK
0.080	-13.470
0.020	-13.770
0.080	-14.070
POLYLINE BLACK
-0.520	-13.470
-0.520	-14.130
POLYLINE BLACK
-0.820	-14.250
-0.520	-14.310
0.140	-14.310
0.680	-14.190
1.220	-14.130
1.460	-14.070
1.760	-14.070
2.000	-13.950
2.420	-13.950
2.540	-13.830
2.780	-13.770
3.440	-13.530
POLYLINE BLACK
-5.240	-14.350
-4.640	-14.450
POLYLINE BLACK
-6.440	-14.150
-6.240	-14.150
POLYLINE BLACK
7.460	-12.550
7.860	-12.550
POLYLINE BLACK
5.960	-13.050
6.460	-12.850
POLYLINE BLACK
4.060	-18.350
5.060	-17.950
5.560	-17.150
5.360	-16.750
4.960	-16.450
5.260	-16.050
5.160	-15.450
5.260	-15.250
4.460	-14.950
3.860	-14.550
3.760	-14.150
3.760	-13.450
5.160	-13.250
POLYLINE BLACK
-1.090	-19.650
-0.790	-19.350
-0.640	-18.600
-0.490	-18.000
-0.640	-17.400
-0.340	-16.650
-0.490	-16.050
-0.490	-15.450
-0.940	-14.700
-1.840	-14.250
-3.790	-14.250
POLYLINE BLACK
21.710	-57.950
POLYLINE BLACK
18.510	-50.650
18.510	-50.750
18.510	-50.150
18.710	-49.450
18.710	-49.250
19.410	-49.750
19.110	-50.050
18.410	-50.250
18.210	-50.450
POLYLINE BLACK
16.810	-50.050
16.810	-51.050
17.010	-51.750
17.210	-51.950
17.910	-51.250
18.010	-50.350
17.910	-49.850
POLYLINE BLACK
18.610	-47.050
18.610	-46.650
19.010	-46.550
19.410	-46.650
19.410	-46.850
18.410	-47.450
POLYLINE BLACK
18.310	-47.250
18.410	-48.050
18.610	-48.850
POLYLINE BLACK
16.810	-46.850
16.910	-47.450
17.010	-47.850
17.310	-47.450
17.610	-46.750
17.610	-47.050
17.810	-47.950
17.810	-48.450
POLYLINE BLACK
16.810	-47.150
16.810	-48.150
16.710	-48.550
16.810	-48.750
POLYLINE BLACK
15.210	-48.050
15.510	-47.850
16.310	-47.650
POLYLINE BLACK
15.410	-48.250
15.410	-48.250
15.510	-47.750
15.710	-47.550
15.710	-47.250
15.910	-46.850
16.110	-47.550
16.110	-47.950
16.210	-48.250
16.110	-48.550
POLYLINE BLACK
13.810	-47.050
14.010	-46.350
14.510	-46.050
15.010	-46.650
14.910	-46.950
14.010	-47.450
14.210	-47.750
14.410	-47.750
14.910	-48.250
15.110	-48.850
POLYLINE BLACK
14.010	-46.950
14.110	-47.950
14.110	-48.550
POLYLINE BLACK
11.110	-50.750
11.810	-51.550
12.910	-53.550
13.410	-54.250
13.810	-55.450
14.010	-56.250
14.710	-57.150
14.710	-57.350
14.910	-57.550
POLYLINE BLACK
6.410	-46.050
6.610	-44.850
6.810	-44.250
6.710	-44.050
6.810	-43.650
7.110	-43.550
7.410	-43.850
7.810	-44.550
7.910	-44.950
8.310	-46.150
9.310	-47.650
9.710	-48.250
10.010	-49.350
10.310	-49.850
11.410	-50.950
POLYLINE BLACK
-6.730	-45.010
-6.730	-45.010
-6.730	-44.860
-6.760	-44.680
-6.460	-45.010
-6.430	-45.130
-6.520	-45.280
-6.700	-45.340
POLYLINE BLACK
-7.210	-45.010
-7.060	-44.980
-6.910	-44.980
POLYLINE BLACK
-7.210	-44.890
-7.060	-44.800
-7.000	-44.770
POLYLINE BLACK
-7.270	-44.950
-7.180	-44.980
-7.180	-45.100
-7.210	-45.190
-7.180	-45.250
-6.970	-45.280
-6.910	-45.250
POLYLINE BLACK
-7.510	-44.860
-7.360	-45.040
-7.450	-45.220
-7.600	-45.280
POLYLINE BLACK
-7.570	-44.920
-7.540	-45.070
-7.570	-45.220
POLYLINE BLACK
-7.960	-45.010
-7.810	-45.280
-7.720	-45.160
-7.660	-44.920
POLYLINE BLACK
-7.990	-45.040
-8.050	-45.160
POLYLINE BLACK
-8.500	-45.160
-8.230	-45.070
POLYLINE BLACK
-8.380	-45.010
-8.230	-44.860
POLYLINE BLACK
-8.380	-44.980
-8.530	-45.190
-8.530	-45.310
-8.470	-45.340
-8.260	-45.280
POLYLINE BLACK
-8.620	-44.980
-8.800	-45.130
-8.800	-45.190
-8.650	-45.280
-8.590	-45.280
POLYLINE BLACK
-8.890	-44.920
-9.070	-44.980
-9.130	-45.070
-9.010	-45.160
-9.010	-45.220
-9.070	-45.280
-9.190	-45.280
POLYLINE BLACK
-9.550	-45.160
-9.370	-45.130
-9.280	-45.130
POLYLINE BLACK
-9.430	-45.010
-9.310	-44.950
POLYLINE BLACK
-9.490	-45.040
-9.580	-45.340
-9.430	-45.370
-9.130	-45.310
POLYLINE BLACK
-9.850	-45.100
-9.850	-45.190
-9.820	-45.070
-9.820	-45.010
-9.760	-44.980
-9.610	-45.100
-9.610	-45.250
-9.670	-45.340
-9.910	-45.430
POLYLINE BLACK
-10.210	-45.190
-10.150	-45.190
-10.120	-45.280
-10.030	-45.340
-10.030	-45.160
-9.970	-44.980
POLYLINE BLACK
-10.270	-45.100
-10.270	-45.280
-10.240	-45.400
POLYLINE BLACK
-10.690	-44.980
-10.720	-45.280
-10.630	-45.370
-10.480	-45.280
-10.420	-45.220
-10.420	-45.040
POLYLINE BLACK
-9.040	-44.350
-9.100	-44.560
-9.010	-44.410
-8.920	-44.500
-8.740	-44.320
-8.680	-44.350
-8.650	-44.470
POLYLINE BLACK
-9.400	-44.440
-9.430	-44.500
-9.400	-44.560
-9.280	-44.530
-9.250	-44.440
-9.340	-44.380
-9.400	-44.410
POLYLINE BLACK
-9.820	-44.440
-9.700	-44.320
-9.520	-44.320
-9.400	-44.260
POLYLINE BLACK
-9.610	-44.320
-9.610	-44.470
-9.670	-44.620
POLYLINE BLACK
-10.210	-44.380
-10.120	-44.320
-9.820	-44.290
POLYLINE BLACK
-10.060	-44.350
-10.060	-44.560
-10.120	-44.620
POLYLINE BLACK
-10.480	-44.470
-10.480	-44.530
-10.420	-44.590
-10.330	-44.590
-10.240	-44.500
-10.270	-44.440
-10.390	-44.470
-10.450	-44.530
POLYLINE BLACK
-10.960	-44.410
-10.870	-44.260
-10.720	-44.140
-10.720	-44.230
-10.810	-44.350
-10.660	-44.380
-10.510	-44.440
-10.510	-44.500
-10.570	-44.560
-10.870	-44.560
POLYLINE BLACK
-10.960	-44.380
-10.930	-44.710
POLYLINE BLACK
-6.040	-43.450
-5.770	-43.390
POLYLINE BLACK
-5.920	-43.540
-5.920	-43.660
-5.950	-43.720
POLYLINE BLACK
-6.340	-43.630
-6.250	-43.630
-6.190	-43.660
-5.980	-43.600
POLYLINE BLACK
-6.340	-43.750
-6.340	-43.810
-6.190	-43.420
-6.100	-43.570
-6.100	-43.660
POLYLINE BLACK
-6.910	-43.630
-6.850	-43.600
POLYLINE BLACK
-6.880	-43.510
-6.790	-43.450
POLYLINE BLACK
-7.090	-43.540
-7.060	-43.660
-7.090	-43.720
-7.000	-43.780
-6.790	-43.750
POLYLINE BLACK
-7.390	-43.540
-7.450	-43.720
-7.360	-43.810
-7.300	-43.810
-7.270	-43.750
-7.330	-43.690
-7.240	-43.690
POLYLINE BLACK
-7.690	-43.750
-7.540	-43.660
POLYLINE BLACK
-7.720	-43.720
-7.720	-43.720
-7.630	-43.510
-7.540	-43.660
-7.510	-43.810
POLYLINE BLACK
-7.840	-43.510
-7.930	-43.540
-7.960	-43.600
-7.870	-43.690
-7.810	-43.720
-7.810	-43.780
-7.960	-43.840
-8.020	-43.810
POLYLINE BLACK
-8.080	-43.480
-8.230	-43.600
-8.200	-43.660
-8.140	-43.660
-8.020	-43.780
-8.110	-43.870
-8.170	-43.900
-8.260	-43.840
POLYLINE BLACK
-8.590	-43.780
-8.320	-43.690
POLYLINE BLACK
-8.590	-43.750
-8.590	-43.750
-8.530	-43.660
-8.500	-43.480
-8.440	-43.570
-8.440	-43.690
-8.410	-43.870
POLYLINE BLACK
-9.010	-43.720
-8.950	-43.900
-8.950	-43.570
-8.860	-43.480
-8.800	-43.480
-8.740	-43.540
-8.890	-43.660
-9.040	-43.750
POLYLINE BLACK
-9.730	-43.720
-9.580	-43.660
POLYLINE BLACK
-9.670	-43.600
-9.610	-43.570
POLYLINE BLACK
-9.730	-43.570
-9.790	-43.870
-9.790	-43.930
-9.640	-43.930
-9.580	-43.900
POLYLINE BLACK
-10.000	-43.570
-10.120	-43.780
-10.120	-43.840
-10.000	-43.870
-9.940	-43.810
-9.970	-43.750
POLYLINE BLACK
-10.450	-43.690
-10.450	-43.840
-10.450	-43.840
-10.300	-43.540
-10.240	-43.480
-10.210	-43.540
-10.270	-43.690
-10.390	-43.780
-10.360	-43.840
-10.210	-43.900
POLYLINE BLACK
-10.780	-43.780
-10.660	-43.780
-10.600	-43.750
POLYLINE BLACK
-10.990	-43.870
-10.990	-43.870
-10.810	-43.540
-10.750	-43.510
-10.690	-43.600
-10.660	-43.720
-10.630	-43.900
POLYLINE BLACK
-11.230	-43.540
-11.260	-43.720
-11.290	-43.960
-11.170	-44.020
POLYLINE BLACK
-7.660	-42.820
-7.660	-43.030
-7.690	-43.120
-7.660	-43.060
-7.600	-43.090
-7.420	-42.910
-7.390	-42.850
-7.390	-43.090
-7.420	-43.180
POLYLINE BLACK
-7.990	-42.820
-7.840	-42.760
-7.780	-42.790
POLYLINE BLACK
-7.900	-42.850
-7.930	-42.910
-7.930	-43.030
-7.960	-43.090
POLYLINE BLACK
-8.140	-42.880
-8.140	-43.030
-8.170	-43.180
POLYLINE BLACK
-8.830	-43.060
-8.830	-43.120
-8.650	-42.970
-8.590	-42.940
-8.530	-43.060
-8.320	-42.820
POLYLINE BLACK
-8.860	-42.850
-8.860	-43.030
-8.890	-43.180
POLYLINE BLACK
-9.790	-42.970
-9.850	-43.060
-9.880	-43.210
-9.820	-43.270
-9.610	-43.090
-9.520	-42.940
-9.580	-43.180
-9.580	-43.330
POLYLINE BLACK
-10.030	-42.850
-10.210	-43.090
-10.210	-43.150
-9.970	-43.270
-9.910	-43.240
POLYLINE BLACK
-10.510	-42.970
-10.390	-42.880
-10.210	-42.880
POLYLINE BLACK
-10.330	-42.940
-10.420	-43.240
POLYLINE BLACK
-10.750	-42.940
-10.720	-43.090
-10.750	-43.300
POLYLINE BLACK
-11.170	-42.970
-11.170	-43.240
-11.200	-43.060
-11.200	-42.910
-11.020	-42.760
-10.930	-42.850
-10.960	-42.940
POLYLINE BLACK
-6.790	-42.160
-6.880	-42.430
-6.760	-42.250
-6.640	-42.340
-6.490	-42.160
-6.430	-42.370
POLYLINE BLACK
-7.150	-42.130
-7.090	-42.070
-6.940	-42.040
POLYLINE BLACK
-7.180	-42.160
-7.210	-42.220
-7.060	-42.370
-7.120	-42.430
-7.180	-42.430
POLYLINE BLACK
-7.360	-42.100
-7.450	-42.400
-7.450	-42.460
POLYLINE BLACK
-7.420	-42.070
-7.450	-42.130
-7.420	-42.190
POLYLINE BLACK
-7.900	-42.250
-7.780	-42.220
-7.720	-42.190
-7.660	-42.220
POLYLINE BLACK
-5.800	-40.630
-5.620	-40.750
POLYLINE BLACK
-5.830	-41.080
-5.680	-41.110
POLYLINE BLACK
-5.770	-41.530
-5.620	-41.470
POLYLINE BLACK
-5.620	-41.890
-5.590	-41.830
POLYLINE BLACK
-5.320	-42.130
-5.290	-42.070
POLYLINE BLACK
-5.020	-42.220
-4.990	-42.100
POLYLINE BLACK
-4.570	-42.310
-4.570	-42.100
POLYLINE BLACK
-4.270	-42.070
-4.330	-42.010
POLYLINE BLACK
-4.000	-41.770
-4.210	-41.710
POLYLINE BLACK
-3.970	-41.410
-4.060	-41.440
POLYLINE BLACK
-4.000	-41.080
POLYLINE BLACK
-4.270	-40.540
-4.300	-40.600
POLYLINE BLACK
-4.510	-40.330
-4.570	-40.480
POLYLINE BLACK
-4.750	-40.210
-4.780	-40.330
-4.780	-40.390
POLYLINE BLACK
-5.200	-40.270
-5.140	-40.360
-5.140	-40.480
POLYLINE BLACK
-5.500	-40.300
-5.380	-40.480
POLYLINE BLACK
-4.600	-40.990
-4.360	-40.960
-4.300	-40.960
POLYLINE BLACK
-4.660	-40.990
-4.660	-41.110
-4.540	-41.140
-4.390	-41.320
-4.480	-41.410
-4.630	-41.380
-4.690	-41.380
POLYLINE BLACK
-4.870	-40.960
-4.870	-41.350
POLYLINE BLACK
-5.350	-41.050
-5.350	-40.960
-5.230	-40.900
-5.080	-41.050
-5.110	-41.140
-5.230	-41.170
-5.320	-41.200
POLYLINE BLACK
-5.380	-41.020
-5.350	-41.200
-5.350	-41.350
-5.320	-41.500
POLYLINE BLACK
-8.530	-42.220
-8.590	-42.280
-8.470	-42.310
-8.320	-42.220
-8.320	-42.160
-8.470	-42.130
-8.590	-42.220
POLYLINE BLACK
-9.010	-42.160
-8.950	-42.100
-8.560	-42.100
POLYLINE BLACK
-8.800	-42.100
-8.770	-42.430
POLYLINE BLACK
-9.460	-42.130
-9.520	-42.130
-9.550	-42.190
-9.370	-42.310
-9.340	-42.370
-9.550	-42.400
POLYLINE BLACK
-9.880	-42.070
-9.730	-42.130
-9.640	-42.250
-9.670	-42.310
-9.880	-42.370
POLYLINE BLACK
-9.820	-42.160
-9.820	-42.370
POLYLINE BLACK
-10.150	-42.280
-10.000	-42.280
-9.940	-42.250
POLYLINE BLACK
-10.180	-42.280
-10.240	-42.400
-10.240	-42.340
-10.180	-42.280
-10.150	-42.130
-10.120	-42.070
-10.030	-42.220
-10.000	-42.370
POLYLINE BLACK
-10.630	-42.250
-10.510	-42.250
-10.420	-42.220
POLYLINE BLACK
-10.630	-42.070
-10.420	-42.070
POLYLINE BLACK
-10.630	-42.130
-10.690	-42.340
-10.510	-42.400
-10.390	-42.400
POLYLINE BLACK
-10.960	-42.070
-11.020	-42.190
-11.020	-42.280
-11.050	-42.400
-10.930	-42.430
-10.780	-42.400
-10.720	-42.400
POLYLINE BLACK
-6.910	-41.590
-6.820	-41.590
-6.700	-41.560
POLYLINE BLACK
-6.850	-41.410
-6.790	-41.350
-6.700	-41.350
POLYLINE BLACK
-6.910	-41.440
-6.940	-41.680
-6.880	-41.740
-6.760	-41.740
-6.700	-41.710
POLYLINE BLACK
-7.150	-41.320
-7.300	-41.500
-7.330	-41.560
-7.240	-41.710
-7.180	-41.710
-7.120	-41.650
-7.150	-41.500
POLYLINE BLACK
-7.600	-41.620
-7.480	-41.560
POLYLINE BLACK
-7.690	-41.590
-7.720	-41.710
-7.720	-41.560
-7.630	-41.410
-7.570	-41.410
-7.480	-41.560
-7.450	-41.710
POLYLINE BLACK
-7.900	-41.260
-8.020	-41.350
-7.870	-41.530
-8.020	-41.680
-8.080	-41.680
POLYLINE BLACK
-8.170	-41.320
-8.260	-41.410
-8.080	-41.590
-8.230	-41.620
POLYLINE BLACK
-8.530	-41.530
-8.380	-41.530
-8.320	-41.500
POLYLINE BLACK
-8.560	-41.590
-8.560	-41.650
-8.590	-41.560
-8.530	-41.500
-8.530	-41.410
-8.470	-41.290
-8.350	-41.620
POLYLINE BLACK
-8.770	-41.500
-8.770	-41.710
-8.800	-41.770
-8.800	-41.470
-8.830	-41.410
-8.770	-41.260
-8.710	-41.200
-8.620	-41.290
-8.740	-41.440
POLYLINE BLACK
-9.580	-41.620
-9.370	-41.590
POLYLINE BLACK
-9.490	-41.470
-9.370	-41.380
POLYLINE BLACK
-9.550	-41.470
-9.550	-41.680
-9.460	-41.770
-9.280	-41.740
POLYLINE BLACK
-9.760	-41.380
-9.850	-41.500
-9.670	-41.620
-9.670	-41.680
-9.730	-41.710
POLYLINE BLACK
-10.060	-41.530
-10.090	-41.680
-10.030	-41.770
-9.970	-41.740
-9.940	-41.530
-10.090	-41.500
-10.120	-41.560
POLYLINE BLACK
-10.360	-41.410
-10.330	-41.350
-10.180	-41.500
-10.150	-41.650
-10.240	-41.740
-10.300	-41.770
POLYLINE BLACK
-10.300	-41.470
-10.300	-41.620
POLYLINE BLACK
-10.720	-41.560
-10.570	-41.560
-10.450	-41.530
POLYLINE BLACK
-10.660	-41.530
-10.690	-41.740
-10.690	-41.590
-10.630	-41.350
-10.570	-41.350
-10.450	-41.530
-10.420	-41.680
POLYLINE BLACK
-11.080	-41.350
-10.930	-41.740
-10.900	-41.560
-10.870	-41.380
-10.840	-41.230
POLYLINE BLACK
-8.400	-40.670
-8.440	-40.830
-8.360	-40.910
-8.200	-40.910
POLYLINE BLACK
-8.680	-40.590
-8.720	-40.910
-8.640	-40.950
-8.560	-40.910
POLYLINE BLACK
-9.120	-40.830
-8.960	-40.790
-8.880	-40.750
POLYLINE BLACK
-9.120	-40.870
-9.120	-40.870
-9.040	-40.670
-8.920	-40.710
-8.920	-40.830
-8.880	-40.910
POLYLINE BLACK
-9.680	-40.710
-9.720	-40.990
-9.600	-40.710
-9.520	-40.710
-9.480	-40.790
-9.400	-40.790
-9.280	-40.630
-9.240	-40.790
-9.240	-40.870
POLYLINE BLACK
-9.760	-40.590
-9.840	-40.510
-10.040	-40.710
-9.840	-40.910
-9.920	-40.990
-10.120	-40.990
POLYLINE BLACK
-3.600	-43.070
-3.600	-43.230
-3.520	-43.470
POLYLINE BLACK
-3.760	-42.350
-3.760	-42.630
POLYLINE BLACK
-5.320	-43.550
-5.320	-43.670
-5.120	-43.990
POLYLINE BLACK
-5.640	-42.670
-5.480	-42.910
-5.480	-43.030
POLYLINE BLACK
-4.560	-38.350
-4.480	-38.550
POLYLINE BLACK
-4.360	-39.350
-4.360	-39.510
-4.320	-39.630
POLYLINE BLACK
-5.960	-38.310
-5.960	-38.470
-6.000	-38.630
POLYLINE BLACK
-6.000	-39.070
-6.040	-39.270
-6.040	-39.430
-6.000	-39.630
-6.000	-39.750
POLYLINE BLACK
-3.760	-41.590
-3.760	-41.350
-3.800	-41.270
POLYLINE BLACK
-3.880	-42.070
-3.800	-41.830
POLYLINE BLACK
-4.640	-42.470
-4.480	-42.430
-4.280	-42.350
POLYLINE BLACK
-5.280	-42.350
-5.120	-42.430
-5.000	-42.430
POLYLINE BLACK
-5.920	-41.790
-5.800	-42.070
-5.720	-42.110
POLYLINE BLACK
-6.040	-40.790
-6.080	-40.950
-6.040	-41.110
-6.040	-41.310
POLYLINE BLACK
-5.400	-40.110
-5.640	-40.230
-5.760	-40.390
POLYLINE BLACK
-4.520	-40.150
-4.880	-40.030
-4.960	-40.070
POLYLINE BLACK
-4.080	-40.550
-4.280	-40.190
POLYLINE BLACK
-4.120	-40.590
POLYLINE BLACK
3.580	-32.990
3.580	-33.470
3.460	-33.830
3.460	-34.190
3.340	-34.490
3.340	-34.670
3.100	-35.030
3.040	-35.270
2.560	-35.690
POLYLINE BLACK
-1.160	-36.320
-1.100	-36.260
POLYLINE BLACK
-1.490	-36.500
-1.310	-36.380
POLYLINE BLACK
-1.760	-36.830
-1.670	-36.680
POLYLINE BLACK
-1.970	-37.280
-1.850	-37.100
POLYLINE BLACK
-2.360	-37.580
-2.240	-37.550
POLYLINE BLACK
-2.840	-37.700
-2.720	-37.700
-2.660	-37.730
POLYLINE BLACK
-3.260	-37.850
-3.170	-37.760
-3.110	-37.730
POLYLINE BLACK
-3.440	-38.420
-3.470	-38.300
-3.470	-38.150
POLYLINE BLACK
-3.320	-39.020
-3.380	-38.900
POLYLINE BLACK
-3.050	-39.770
-3.110	-39.650
POLYLINE BLACK
-3.140	-40.520
-3.110	-40.370
POLYLINE BLACK
-3.530	-41.000
-3.350	-40.880
POLYLINE BLACK
-3.740	-40.580
-3.950	-40.700
POLYLINE BLACK
-3.470	-40.070
-3.500	-40.190
-3.530	-40.250
POLYLINE BLACK
-3.710	-39.320
-3.560	-39.620
POLYLINE BLACK
-3.860	-38.510
-3.860	-38.720
POLYLINE BLACK
-3.800	-39.110
POLYLINE BLACK
-3.740	-37.460
-3.920	-37.670
-3.920	-37.790
-3.950	-37.850
-3.950	-38.240
POLYLINE BLACK
-3.500	-37.220
-3.620	-37.250
-3.680	-37.310
POLYLINE BLACK
-3.110	-37.250
-3.170	-37.250
POLYLINE BLACK
-2.780	-37.310
-2.840	-37.280
POLYLINE BLACK
-2.600	-37.220
-2.660	-37.250
POLYLINE BLACK
-2.420	-37.070
-2.480	-37.130
POLYLINE BLACK
-2.270	-36.680
-2.270	-36.770
-2.300	-36.830
POLYLINE BLACK
-2.180	-36.410
-2.240	-36.620
POLYLINE BLACK
-1.940	-36.110
-1.940	-36.170
-2.000	-36.260
POLYLINE BLACK
-1.670	-35.930
-1.730	-35.960
POLYLINE BLACK
-1.280	-35.630
-1.340	-35.690
POLYLINE BLACK
-0.480	-34.390
-0.540	-34.510
-0.820	-34.830
-0.420	-34.870
-0.240	-34.950
POLYLINE BLACK
-0.920	-34.650
-1.360	-35.070
-1.020	-35.070
-0.840	-35.050
-0.720	-35.070
POLYLINE BLACK
-0.100	-34.590
-0.500	-34.750
-0.540	-34.750
-0.720	-34.830
-0.800	-34.830
-0.900	-34.890
-1.280	-35.030
POLYLINE BLACK
5.840	-29.410
5.880	-29.410
POLYLINE BLACK
5.860	-29.230
5.940	-29.230
POLYLINE BLACK
5.820	-29.030
5.900	-29.010
5.940	-29.010
POLYLINE BLACK
5.760	-28.850
5.800	-28.830
5.860	-28.850
POLYLINE BLACK
5.680	-28.690
5.760	-28.670
5.800	-28.670
POLYLINE BLACK
5.770	-29.200
5.800	-29.320
POLYLINE BLACK
5.680	-28.810
5.710	-28.960
POLYLINE BLACK
8.440	-29.230
8.470	-29.650
POLYLINE BLACK
8.230	-29.470
8.440	-29.470
8.620	-29.440
POLYLINE BLACK
8.230	-28.930
8.140	-29.050
7.990	-29.590
8.020	-29.770
8.230	-30.130
8.380	-30.160
POLYLINE BLACK
9.700	-28.990
9.730	-29.140
9.820	-29.260
9.880	-29.560
9.790	-30.040
9.580	-30.160
POLYLINE BLACK
9.250	-29.410
9.340	-29.500
9.400	-29.500
9.460	-29.350
9.520	-29.440
9.550	-29.620
POLYLINE BLACK
9.310	-29.350
9.280	-29.470
9.250	-29.620
9.160	-29.650
POLYLINE BLACK
8.980	-29.380
8.950	-29.530
8.980	-29.650
9.100	-29.560
9.100	-29.440
9.070	-29.320
9.010	-29.320
8.950	-29.380
8.890	-29.380
POLYLINE BLACK
8.800	-29.290
8.800	-29.680
POLYLINE BLACK
9.460	-27.250
9.490	-27.400
9.490	-27.550
9.520	-27.700
POLYLINE BLACK
9.340	-27.250
9.610	-27.190
POLYLINE BLACK
9.010	-27.400
9.160	-27.430
9.220	-27.370
POLYLINE BLACK
9.070	-27.160
9.220	-27.130
9.280	-27.100
POLYLINE BLACK
8.950	-27.220
9.010	-27.370
9.010	-27.580
9.160	-27.610
9.280	-27.610
POLYLINE BLACK
8.440	-27.280
8.410	-27.490
8.440	-27.760
8.500	-27.700
8.530	-27.580
8.770	-27.760
8.830	-27.700
8.830	-27.610
8.860	-27.550
8.860	-27.430
8.890	-27.280
8.890	-27.190
POLYLINE BLACK
9.430	-28.450
9.280	-28.600
9.190	-28.600
9.190	-28.660
9.340	-28.510
9.340	-28.360
9.490	-28.510
9.580	-28.720
9.640	-28.660
9.640	-28.390
9.610	-28.240
POLYLINE BLACK
9.040	-28.510
9.100	-28.480
POLYLINE BLACK
9.100	-28.300
9.160	-28.300
9.250	-28.240
POLYLINE BLACK
9.130	-28.270
9.070	-28.360
9.070	-28.540
9.040	-28.690
9.190	-28.720
POLYLINE BLACK
8.740	-28.330
8.860	-28.720
8.920	-28.720
8.920	-28.270
8.980	-28.120
POLYLINE BLACK
8.350	-28.450
8.500	-28.480
POLYLINE BLACK
8.410	-28.780
8.350	-28.840
8.380	-28.660
8.380	-28.360
8.440	-28.180
8.500	-28.150
8.560	-28.240
8.560	-28.300
8.710	-28.780
POLYLINE BLACK
6.010	-30.040
6.010	-29.980
POLYLINE BLACK
6.130	-30.340
6.250	-30.220
POLYLINE BLACK
6.760	-30.400
6.760	-30.310
6.790	-30.190
POLYLINE BLACK
7.090	-30.250
7.090	-30.190
POLYLINE BLACK
7.510	-29.920
7.390	-29.740
POLYLINE BLACK
7.660	-29.530
7.540	-29.440
POLYLINE BLACK
7.690	-28.990
7.630	-28.930
7.570	-28.930
POLYLINE BLACK
7.720	-28.510
7.570	-28.480
POLYLINE BLACK
7.510	-28.000
7.420	-28.090
POLYLINE BLACK
7.120	-27.670
7.120	-27.850
POLYLINE BLACK
6.820	-27.580
6.820	-27.700
6.790	-27.760
POLYLINE BLACK
6.430	-27.640
6.520	-27.820
POLYLINE BLACK
6.040	-27.730
6.070	-27.880
6.100	-27.940
POLYLINE BLACK
5.620	-28.000
5.770	-28.180
POLYLINE BLUE
5.520	-28.720
5.520	-28.880
POLYLINE BLUE
6.280	-28.540
6.280	-28.420
6.340	-28.720
6.400	-29.260
6.940	-28.960
7.180	-28.840
POLYLINE BLUE
7.720	-27.040
7.480	-27.100
7.300	-27.280
7.360	-27.520
7.360	-27.700
7.120	-28.060
7.120	-28.300
6.940	-28.540
6.820	-28.540
6.520	-29.200
POLYLINE BLACK
4.660	-26.200
4.660	-25.420
4.540	-24.880
4.480	-24.640
4.300	-24.100
4.540	-23.620
4.540	-23.140
4.360	-22.600
4.360	-22.420
4.240	-21.880
4.240	-21.640
4.360	-21.220
4.300	-21.100
4.360	-20.800
4.300	-20.440
4.240	-20.080
4.300	-19.960
4.180	-19.420
4.180	-18.400
4.120	-18.220
POLYLINE BLACK
8.200	-38.860
8.200	-38.560
7.900	-37.780
7.900	-37.600
7.720	-37.240
7.660	-36.940
7.420	-36.580
7.360	-36.040
6.940	-35.020
7.180	-34.120
7.120	-33.880
7.000	-33.580
6.580	-33.040
6.460	-32.920
6.400	-32.680
6.220	-32.440
6.040	-31.600
6.040	-31.420
5.980	-31.180
5.980	-30.940
5.920	-30.700
5.920	-30.520
5.740	-30.160
5.740	-29.860
5.620	-29.500
6.100	-29.920
6.520	-30.220
6.760	-30.220
7.000	-30.100
7.300	-29.740
7.480	-29.200
7.540	-28.660
7.480	-28.420
7.480	-28.300
7.060	-27.880
6.820	-27.820
6.580	-27.820
6.040	-28.000
5.740	-28.300
5.560	-28.720
5.260	-28.060
5.080	-27.760
4.960	-27.520
5.020	-27.280
4.960	-26.740
4.660	-26.080
POLYLINE BLACK
0.980	-35.720
1.460	-36.200
1.500	-36.280
1.420	-36.440
1.420	-36.560
1.860	-37.000
1.860	-37.160
1.740	-37.520
1.900	-37.760
1.900	-38.120
1.860	-38.280
1.900	-38.640
2.060	-39.000
2.180	-39.160
2.300	-39.520
2.380	-39.680
POLYLINE BLACK
-0.780	-36.160
-0.540	-36.040
-0.380	-36.000
-0.140	-35.840
0.340	-35.840
0.580	-35.680
0.700	-35.560
0.900	-35.600
1.020	-35.760
POLYLINE BLACK
0.700	-34.920
0.580	-35.160
0.380	-35.240
0.180	-35.440
0.100	-35.480
-0.260	-35.400
-0.460	-35.480
-0.540	-35.640
-0.740	-35.680
-0.900	-35.680
-0.980	-35.640
-1.060	-35.680
POLYLINE BLACK
-1.200	-19.650
-0.750	-20.400
-0.600	-21.150
-0.150	-22.050
0.000	-22.650
0.300	-23.400
0.900	-24.000
0.900	-24.750
0.750	-25.350
0.750	-25.650
1.200	-26.400
1.350	-27.000
1.500	-27.600
1.500	-28.350
1.350	-28.950
1.350	-29.550
1.950	-31.500
1.950	-32.250
1.350	-33.750
1.350	-34.200
0.750	-35.100

ELEVATION
STATIONS
0.000	0.000	1.263
28.225	6.457	1.393
38.429	4.957	1.394
43.519	-0.032	1.395
60.848	19.484	1.396
46.770	4.002	1.397
61.746	8.918	1.398
68.068	7.204	1.399
71.721	3.614	1.400
75.762	3.608	1.401
99.383	20.435	1.402
SHOTS
75.762	3.608	99.383	20.435
71.721	3.614	75.762	3.608
75.762	3.608	77.467	4.895
75.762	3.608	74.553	4.634
75.762	3.608	76.221	6.697
75.762	3.608	76.366	2.759
68.068	7.204	71.721	3.614
71.721	3.614	71.009	4.887
71.721	3.614	71.819	6.271
71.721	3.614	70.478	8.431
71.721	3.614	70.885	2.572
61.746	8.918	68.068	7.204
68.068	7.204	68.248	7.052
68.068	7.204	68.000	7.363
68.068	7.204	66.456	12.016
68.068	7.204	69.468	4.701
46.770	4.002	61.746	8.918
61.746	8.918	57.853	9.529
61.746	8.918	62.241	10.463
61.746	8.918	61.771	14.454
61.746	8.918	62.088	7.812
38.429	4.957	46.770	4.002
46.770	4.002	47.174	3.870
46.770	4.002	47.285	3.880
46.770	4.002	48.121	9.781
46.770	4.002	47.661	2.365
38.429	4.957	60.848	19.484
38.429	4.957	43.519	-0.032
28.225	6.457	38.429	4.957
38.429	4.957	37.315	7.767
38.429	4.957	40.814	4.947
38.429	4.957	38.562	10.248
38.429	4.957	38.601	3.865
0.000	0.000	28.225	6.457
28.225	6.457	28.138	6.792
28.225	6.457	28.467	6.478
28.225	6.457	28.644	10.162
28.225	6.457	30.947	3.196
0.000	0.000	0.000	0.273
0.000	0.000	0.000	-0.576
0.000	0.000	0.000	8.906
0.000	0.000	0.000	-1.029
0.000	0.000	0.000	-6.430
POLYLINE BLACK
86.170	5.070
86.230	4.830
86.350	4.770
86.590	4.950
86.650	5.130
86.590	5.250
86.410	5.310
86.110	5.070
POLYLINE BLACK
85.510	6.870
86.110	7.410
86.470	7.590
86.650	7.590
86.770	7.530
86.890	7.170
86.590	6.810
86.350	6.750
85.990	6.510
86.050	6.270
86.230	5.850
POLYLINE BLACK
89.110	4.290
88.750	4.110
88.930	3.990
89.110	3.990
89.230	3.930
89.170	3.750
89.050	3.690
88.690	3.870
POLYLINE BLACK
88.090	4.050
88.450	4.050
POLYLINE BLACK
88.150	4.350
88.450	4.410
POLYLINE BLACK
88.030	4.350
88.030	3.990
87.970	3.690
88.330	3.570
88.510	3.630
POLYLINE BLACK
87.010	4.170
86.950	4.050
87.010	3.930
87.010	3.630
87.070	3.510
87.190	3.510
87.490	3.930
87.610	4.290
POLYLINE BLACK
85.930	3.810
85.810	3.390
85.750	3.570
85.810	3.690
86.350	3.570
86.530	3.450
86.530	3.630
86.470	3.750
86.470	4.290
POLYLINE BLACK
85.570	3.870
85.570	3.210
POLYLINE BLACK
84.730	3.990
84.970	3.990
85.270	4.050
POLYLINE BLACK
84.970	3.930
84.970	3.390
84.910	3.270
POLYLINE BLACK
83.950	3.630
83.950	3.510
83.950	3.690
84.070	3.690
84.430	3.270
84.550	3.570
84.550	3.750
POLYLINE BLACK
83.230	3.510
83.170	3.210
83.290	3.090
83.530	3.150
83.650	3.270
83.650	3.450
83.530	3.690
83.410	3.690
83.230	3.570
POLYLINE BLACK
82.990	4.050
82.750	3.810
82.570	3.450
82.570	3.150
82.810	2.970
POLYLINE BLACK
83.890	6.150
84.130	6.150
POLYLINE BLACK
82.570	5.910
82.810	5.970
83.110	6.030
POLYLINE BLACK
80.950	5.790
81.190	5.790
81.610	5.850
81.850	5.850
POLYLINE BLACK
79.090	5.610
79.570	5.790
POLYLINE BLACK
77.710	5.250
78.430	5.490
78.550	5.490
POLYLINE BLACK
107.210	23.570
107.510	23.570
107.710	23.670
POLYLINE BLACK
107.310	24.170
107.710	24.370
POLYLINE BLACK
107.210	23.970
107.110	23.570
107.010	23.170
107.210	22.970
107.810	22.970
108.010	23.170
POLYLINE BLACK
106.410	23.670
106.610	22.770
POLYLINE BLACK
105.810	23.970
105.810	23.570
105.710	23.170
106.210	23.570
106.510	24.170
POLYLINE BLACK
105.110	23.670
105.010	23.270
105.010	22.970
105.210	22.970
105.410	23.270
105.410	23.670
105.310	23.970
POLYLINE BLACK
103.810	24.070
103.710	23.070
103.710	22.870
103.910	22.870
104.410	23.570
104.610	22.670
POLYLINE BLACK
102.910	24.170
102.510	23.670
102.310	23.170
102.610	22.670
102.810	22.670
103.010	22.470
103.310	22.470
103.510	22.570
POLYLINE BLACK
103.110	25.770
103.110	26.270
103.810	25.870
104.110	25.370
104.010	25.170
103.510	25.070
102.610	24.770
POLYLINE BLACK
103.010	25.770
103.110	25.270
POLYLINE BLACK
101.810	25.470
101.710	25.070
102.110	24.670
102.610	25.270
102.610	25.670
POLYLINE BLACK
99.510	24.870
99.410	24.370
99.810	25.270
100.010	25.570
99.910	25.270
100.010	24.770
100.210	24.770
100.710	25.170
100.910	25.670
101.010	24.870
POLYLINE BLACK
84.710	11.270
83.810	10.670
81.710	8.670
80.310	7.770
79.910	7.770
78.910	6.970
78.110	6.770
77.310	6.070
77.010	5.770
76.610	6.870
76.410	6.870
75.510	5.970
75.510	5.770
75.310	5.770
75.110	5.170
74.910	4.970
74.710	5.170
POLYLINE BLACK
92.110	13.970
93.310	14.870
93.810	15.070
94.010	15.270
94.410	15.370
95.010	15.770
95.710	16.770
96.810	17.370
97.810	18.770
98.510	18.970
98.810	19.170
99.010	19.170
99.810	19.870
100.110	19.870
100.910	20.270
101.310	20.170
101.610	20.470
101.210	20.770
100.110	20.970
99.710	21.070
100.010	21.470
100.110	21.870
99.710	21.970
99.310	21.870
97.710	20.470
97.410	20.170
96.910	19.870
96.210	19.370
95.110	18.870
94.210	18.170
94.010	17.670
93.810	17.470
93.810	17.270
93.110	16.870
91.710	15.770
90.410	15.170
89.010	14.070
88.510	13.770
88.310	13.770
87.810	13.370
86.810	12.870
85.010	11.270
84.710	10.870
POLYLINE BLACK
78.010	4.070
78.810	4.570
79.210	4.970
79.710	5.270
80.210	5.770
80.410	5.670
80.810	5.970
81.910	6.570
83.510	7.470
83.710	7.670
83.910	7.670
85.610	9.470
85.910	9.570
86.010	9.770
86.410	9.970
87.110	10.670
88.210	11.370
88.710	11.570
88.910	11.970
90.710	13.270
91.410	13.570
92.010	14.070
92.210	14.070
POLYLINE BLACK
83.010	4.870
83.810	4.970
POLYLINE BLACK
81.610	4.470
82.110	4.470
82.310	4.570
POLYLINE BLACK
73.110	2.370
73.810	2.670
74.210	2.470
75.110	2.370
75.510	2.770
76.110	2.870
76.510	3.170
77.110	2.870
78.010	2.770
78.410	3.070
78.910	3.870
81.210	4.370
POLYLINE BLACK
17.810	-13.730
17.870	-13.430
18.110	-13.130
18.050	-13.430
17.870	-13.670
18.170	-13.610
18.290	-13.730
18.290	-13.850
18.170	-13.970
17.750	-13.970
POLYLINE BLACK
17.750	-13.430
17.810	-13.730
17.810	-14.030
POLYLINE BLACK
16.790	-13.610
16.610	-13.910
16.610	-14.210
16.550	-13.850
16.610	-13.610
16.850	-13.850
17.150	-13.490
17.390	-13.850
17.390	-13.970
POLYLINE BLACK
16.130	-13.550
16.070	-13.850
16.070	-14.150
POLYLINE BLACK
15.410	-13.430
15.350	-13.790
15.350	-14.030
15.290	-14.150
15.530	-14.210
15.770	-14.210
POLYLINE BLACK
14.930	-13.310
14.390	-13.610
14.150	-14.030
14.390	-14.270
14.810	-14.330
15.110	-14.270
POLYLINE BLACK
20.510	-12.290
20.570	-12.470
20.510	-12.590
20.390	-12.050
20.390	-11.810
20.450	-11.690
20.630	-11.630
20.750	-11.690
20.750	-11.930
20.510	-12.170
20.990	-12.530
21.230	-12.530
POLYLINE BLACK
19.550	-11.990
19.910	-12.110
20.090	-12.110
POLYLINE BLACK
19.790	-11.930
20.030	-11.810
POLYLINE BLACK
19.610	-12.050
19.610	-12.230
19.730	-12.650
19.910	-12.650
20.030	-12.710
20.150	-12.650
POLYLINE BLACK
19.010	-11.930
18.950	-11.810
19.070	-11.810
19.430	-12.290
19.370	-12.470
18.950	-12.650
POLYLINE BLACK
18.890	-11.990
19.010	-12.110
19.010	-12.590
POLYLINE BLACK
17.870	-12.170
17.930	-12.290
17.750	-12.650
17.750	-12.170
17.810	-12.050
18.410	-12.530
18.530	-12.590
18.590	-12.230
18.530	-11.930
POLYLINE BLACK
16.970	-11.930
16.910	-12.350
16.970	-12.590
17.090	-12.650
17.270	-12.590
17.450	-12.170
17.450	-11.810
POLYLINE BLACK
15.230	-12.410
15.170	-12.710
15.110	-12.530
15.170	-12.230
15.290	-12.230
15.590	-12.410
15.830	-12.590
15.950	-12.410
15.950	-11.810
POLYLINE BLACK
14.150	-12.230
14.090	-12.470
14.090	-12.650
14.150	-12.890
14.450	-12.590
14.690	-12.770
14.870	-12.470
14.870	-12.110
POLYLINE BLACK
13.250	-12.410
13.250	-12.890
13.430	-13.010
13.790	-12.710
13.790	-12.350
13.670	-12.110
13.430	-12.050
13.250	-12.290
13.250	-12.410
POLYLINE BLACK
12.530	-12.110
12.290	-11.810
12.710	-12.230
13.010	-12.710
13.010	-12.890
12.710	-13.070
12.530	-13.010
POLYLINE BLACK
12.410	-12.050
12.350	-12.350
12.530	-12.830
12.470	-12.950
POLYLINE BLACK
16.010	-9.950
15.830	-10.250
15.830	-10.430
15.770	-10.730
15.710	-11.030
15.770	-11.210
POLYLINE BLACK
15.470	-10.070
15.590	-10.370
POLYLINE BLACK
14.810	-10.490
15.350	-10.670
POLYLINE BLACK
14.810	-10.250
14.810	-10.670
14.750	-10.850
14.870	-10.250
15.050	-9.950
15.170	-10.310
15.230	-10.970
POLYLINE BLACK
13.790	-9.890
13.790	-10.130
13.730	-10.430
13.730	-11.090
13.970	-10.850
14.090	-10.670
14.330	-11.030
14.510	-10.430
14.630	-9.890
POLYLINE BLACK
4.460	-7.550
4.280	-7.550
4.040	-7.430
4.280	-7.190
5.000	-6.770
5.360	-6.710
5.600	-6.770
5.780	-6.770
5.960	-7.070
6.020	-7.310
6.080	-7.490
POLYLINE BLACK
3.860	-6.410
4.160	-6.290
4.340	-6.290
5.240	-5.930
5.600	-5.870
5.900	-5.810
6.140	-6.050
6.500	-6.530
6.620	-6.830
6.740	-6.950
6.860	-7.250
7.280	-7.670
7.340	-7.850
POLYLINE BLACK
1.820	-5.390
1.880	-5.510
2.480	-5.630
2.900	-5.630
3.560	-5.810
3.680	-5.930
3.680	-6.410
3.620	-6.830
3.620	-7.190
3.860	-7.430
3.500	-7.130
3.080	-7.130
2.720	-7.070
2.240	-6.830
1.880	-6.470
1.640	-6.350
POLYLINE BLACK
0.800	-3.110
1.340	-3.110
1.940	-2.990
2.060	-2.930
2.420	-2.930
2.600	-2.870
2.660	-3.050
2.540	-3.410
2.540	-3.590
2.480	-3.890
2.480	-4.370
2.600	-4.850
3.020	-5.510
2.720	-5.630
2.300	-5.510
2.060	-5.510
1.940	-5.570
1.760	-5.510
0.920	-5.510
POLYLINE BLACK
-0.100	0.010
-0.220	-0.170
-0.280	-0.470
-0.520	-0.950
-0.280	-1.010
0.380	-1.010
0.500	-1.070
0.500	-0.890
0.140	-0.110
0.020	0.010
-0.160	-0.230
-0.280	-0.830
-0.100	-0.110
-0.160	-0.830
-0.220	-0.950
-0.100	-0.830
0.080	-0.290
0.080	-0.110
-0.100	-0.830
0.020	-0.530
0.020	-0.350
0.020	-0.350
-0.040	-0.890
0.200	-0.410
0.200	-0.890
0.320	-0.590
0.380	-0.830
0.380	-0.530
0.020	0.250
0.380	-0.410
0.500	-0.950
0.320	-0.530
0.200	-0.410
0.200	-0.290
0.080	-0.170
0.080	-0.050
0.020	-0.170
-0.040	-0.770
-0.040	-0.410
-0.220	-0.830
-0.100	-0.650
0.140	-0.830
0.380	-0.890
0.200	-0.890
0.080	-0.950
0.260	-0.950
0.500	-0.830
0.020	-0.890
0.260	-0.950
-0.040	-1.010
0.080	-0.590
0.020	-0.290
-0.040	-0.530
-0.160	-0.650
POLYLINE BLACK
-3.700	-1.950
-2.100	-0.950
-0.500	-1.150
0.100	-1.150
0.500	-0.950
1.100	-3.750
1.300	-4.750
POLYLINE BLACK
8.750	13.600
8.900	12.700
9.350	11.350
9.950	10.000
10.250	8.950
10.850	8.050
11.600	7.450
12.200	7.450
13.100	8.050
14.000	7.150
14.300	7.150
15.200	8.650
15.800	9.100
POLYLINE BLACK
20.400	1.550
20.200	1.350
POLYLINE BLACK
21.800	-11.650
22.200	-12.050
POLYLINE BLACK
20.100	-10.150
20.700	-10.650
POLYLINE BLACK
18.700	-9.250
19.600	-9.950
POLYLINE BLACK
13.800	-7.050
14.200	-7.150
14.600	-7.250
14.900	-7.250
15.800	-7.650
16.300	-7.750
16.700	-7.850
17.700	-8.650
POLYLINE BLACK
11.100	-7.450
11.600	-6.950
11.800	-6.850
12.300	-7.550
12.800	-8.050
12.800	-8.250
12.600	-8.450
POLYLINE BLACK
6.600	-7.250
7.000	-6.850
7.300	-5.750
7.300	-5.450
7.500	-5.350
7.900	-5.350
9.000	-5.950
9.200	-6.350
POLYLINE BLACK
6.500	-7.750
6.300	-7.950
6.500	-8.150
7.100	-8.150
7.400	-8.050
7.800	-8.150
8.500	-7.950
9.400	-7.950
9.800	-8.050
10.500	-7.250
10.600	-6.650
10.300	-5.750
9.900	-5.650
9.700	-5.750
POLYLINE BLACK
7.300	-6.150
POLYLINE BLACK
13.400	-4.250
12.000	-5.750
13.200	-6.950
13.200	-6.950
13.800	-6.150
14.100	-4.750
14.400	-4.050
13.900	-3.850
13.600	-3.950
POLYLINE BLACK
10.900	-1.950
11.100	-1.450
11.800	-0.650
12.500	-1.150
13.000	-2.050
13.500	-2.250
13.700	-2.950
POLYLINE BLACK
11.900	-2.350
11.500	-2.150
11.200	-2.150
10.900	-1.950
10.300	-1.950
10.100	-1.750
9.500	-1.550
9.300	-1.650
9.100	-2.250
8.100	-4.050
8.100	-4.550
9.500	-4.850
10.000	-5.050
11.300	-5.950
11.300	-5.950
11.600	-5.150
11.900	-4.650
12.600	-3.250
12.300	-2.750
11.900	-2.450
11.300	-2.250
11.100	-2.050
POLYLINE BLACK
21.700	-7.550
22.100	-7.850
POLYLINE BLACK
20.500	-6.750
21.000	-7.150
POLYLINE BLACK
19.100	-5.750
19.800	-6.250
POLYLINE BLACK
15.100	-0.650
14.600	-0.650
14.200	-0.850
13.800	-1.450
13.600	-1.650
14.100	-2.050
14.300	-2.050
14.000	-2.150
14.700	-2.450
14.600	-2.850
15.300	-3.150
15.000	-3.450
14.600	-3.550
14.600	-3.550
15.100	-3.650
16.000	-3.850
17.100	-4.750
17.600	-4.850
18.800	-5.550
POLYLINE BLACK
30.000	3.250
29.600	3.350
29.300	3.350
28.900	3.450
27.800	3.350
27.500	3.550
26.000	3.350
25.100	3.050
24.900	2.850
24.100	3.050
23.900	3.150
22.700	2.750
21.600	2.350
20.700	2.150
20.300	2.050
19.700	1.650
19.000	1.750
18.500	1.450
17.900	1.450
17.500	1.550
17.000	1.350
17.100	1.150
16.500	0.650
17.000	0.350
17.300	0.350
17.000	0.150
16.400	0.250
16.100	0.250
15.900	0.150
16.000	-0.050
15.400	-0.250
16.300	-0.550
15.200	-0.550
15.200	-0.850
POLYLINE BLACK
37.700	3.250
37.000	3.550
35.800	3.650
35.500	3.650
35.000	3.550
34.500	3.750
34.200	4.150
33.200	3.550
32.100	3.550
31.500	3.350
31.200	3.350
30.800	3.250
30.100	3.250
29.900	3.150
POLYLINE BLACK
39.800	3.250
39.400	3.250
POLYLINE BLACK
44.400	2.650
44.000	2.550
43.100	2.950
42.900	2.950
42.600	3.250
41.500	3.250
41.300	3.350
POLYLINE BLACK
62.000	-18.050
61.900	-17.850
62.100	-17.850
62.200	-17.650
62.000	-17.650
POLYLINE BLACK
61.900	-15.250
61.900	-15.050
61.700	-14.850
62.400	-14.650
62.800	-14.750
62.900	-15.050
62.300	-15.650
61.900	-15.950
61.900	-16.350
62.000	-16.750
POLYLINE BLACK
48.500	-17.950
48.700	-17.850
48.700	-17.550
48.500	-17.750
POLYLINE BLACK
47.900	-15.950
47.900	-15.550
48.300	-15.150
48.800	-15.150
49.000	-15.950
48.900	-16.150
48.200	-16.350
48.400	-16.550
48.500	-16.950
POLYLINE BLACK
55.200	-1.450
55.000	-1.350
55.000	-1.550
55.200	-1.650
55.300	-1.250
55.100	-1.450
POLYLINE BLACK
54.600	0.950
55.000	1.550
55.700	1.750
56.100	1.350
56.100	1.150
55.600	0.850
55.200	0.750
55.200	-0.350
POLYLINE BLACK
56.100	-2.550
56.000	-2.150
POLYLINE BLACK
56.300	-5.150
56.300	-4.650
56.200	-4.250
POLYLINE BLACK
56.400	-7.950
56.400	-7.550
56.200	-6.650
POLYLINE BLACK
56.200	-10.550
56.300	-9.650
56.200	-9.450
POLYLINE BLACK
56.800	-13.150
56.500	-12.650
56.500	-12.450
POLYLINE BLACK
58.200	-14.250
57.300	-13.950
POLYLINE BLACK
60.200	-15.250
59.700	-15.150
59.500	-14.950
POLYLINE BLACK
60.600	-18.350
60.300	-18.350
60.100	-18.250
59.600	-18.350
POLYLINE BLACK
56.800	-18.350
57.200	-18.450
57.700	-18.450
POLYLINE BLACK
53.700	-18.550
54.200	-18.550
54.700	-18.450
55.000	-18.450
POLYLINE BLACK
50.400	-18.650
50.800	-18.650
51.400	-18.550
52.200	-18.650
POLYLINE BLACK
52.000	-15.050
51.400	-15.350
POLYLINE BLACK
53.300	-13.850
52.700	-14.350
POLYLINE BLACK
53.000	-11.650
53.100	-12.050
53.000	-12.550
POLYLINE BLACK
52.900	-9.150
52.900	-10.450
POLYLINE BLACK
52.900	-7.650
53.000	-8.350
POLYLINE BLACK
53.700	-3.850
53.500	-4.250
53.500	-4.550
53.600	-4.750
53.500	-4.950
POLYLINE BLACK
53.700	-2.250
53.600	-2.650
53.600	-3.050
POLYLINE BLACK
52.700	-5.850
POLYLINE BLACK
52.100	-5.450
POLYLINE BLACK
51.400	-5.050
POLYLINE BLACK
50.900	-4.750
POLYLINE BLACK
50.500	-4.350
POLYLINE BLACK
49.900	-4.050
POLYLINE BLACK
48.900	-3.550
49.100	-3.650
POLYLINE BLACK
52.400	-6.850
52.600	-6.950
POLYLINE BLACK
51.800	-6.350
POLYLINE BLACK
50.800	-5.850
51.100	-5.950
POLYLINE BLACK
50.000	-5.250
50.100	-5.450
POLYLINE BLACK
49.200	-4.950
POLYLINE BLACK
48.200	-4.450
48.400	-4.550
POLYLINE BLACK
40.200	3.950
40.600	3.850
40.700	3.550
40.600	3.150
40.600	2.750
40.700	2.450
41.900	2.050
42.200	1.250
42.600	1.150
42.900	1.150
43.100	1.050
43.100	0.350
44.000	0.050
44.600	0.150
44.600	-0.550
44.500	-0.950
44.800	-1.350
45.300	-1.350
45.700	-1.250
45.900	-1.250
46.000	-1.750
46.000	-2.150
46.300	-2.550
46.800	-2.450
46.900	-2.850
47.000	-3.150
47.400	-3.150
47.700	-3.450
48.100	-3.450
48.300	-3.550
POLYLINE BLACK
37.400	4.650
38.100	4.250
38.300	4.250
38.700	3.550
38.700	3.150
39.000	2.850
40.300	2.150
40.500	1.450
41.100	1.150
41.300	1.150
42.000	0.050
42.300	-0.050
42.700	0.050
42.900	-0.350
42.900	-1.050
43.100	-1.250
43.500	-1.250
43.800	-1.550
43.900	-1.950
43.900	-2.150
44.300	-2.250
44.900	-2.250
45.100	-2.450
45.200	-2.950
45.800	-3.150
46.100	-3.650
46.200	-3.850
46.600	-3.850
47.500	-4.250
POLYLINE BLACK
60.500	7.150
60.100	6.950
POLYLINE BLACK
54.900	4.850
55.400	5.450
55.600	5.450
55.900	5.250
POLYLINE BLACK
55.900	5.250
56.600	5.950
57.100	5.850
POLYLINE BLACK
59.100	6.550
59.300	6.750
59.800	6.750
60.000	6.550
POLYLINE BLACK
58.400	5.850
58.300	6.050
58.400	6.350
58.600	6.350
58.800	6.550
59.200	6.050
POLYLINE BLACK
57.200	5.750
57.200	5.950
57.600	6.250
58.000	6.050
58.100	5.850
POLYLINE BLACK
44.300	2.650
44.800	2.550
45.200	2.450
45.600	2.250
46.300	2.450
46.700	2.150
47.200	2.150
47.600	2.250
48.100	2.250
48.500	2.350
49.000	2.350
49.400	2.650
49.600	2.650
50.200	3.050
50.700	3.050
51.200	2.950
51.800	3.350
52.400	3.950
53.100	4.050
53.600	4.550
54.200	4.550
55.700	4.850
56.200	5.150
57.300	5.650
57.700	5.650
58.100	5.750
58.500	5.650
59.600	5.950
59.500	6.150
POLYLINE BLACK
65.400	15.050
65.900	14.450
66.100	13.750
66.300	12.850
66.700	12.450
66.600	12.050
67.800	11.650
68.200	11.550
68.600	11.150
69.200	9.750
69.700	9.650
70.400	8.850
70.400	8.650
70.800	8.550
71.700	7.850
71.900	7.150
72.500	6.750
73.100	6.650
73.900	5.950
74.100	5.950
74.500	5.550
74.800	5.250
75.000	5.150
POLYLINE BLACK
59.300	6.050
59.500	6.250
59.700	6.250
60.200	6.650
60.700	6.950
60.900	7.150
61.000	7.650
61.500	8.250
62.300	8.250
63.700	6.950
64.000	6.750
64.500	6.750
64.900	6.550
65.100	6.650
65.700	6.350
66.200	6.350
66.600	6.250
67.200	6.450
67.700	6.350
68.300	5.450
69.000	4.550
69.800	3.850
70.100	3.850
70.500	3.650
72.000	2.150
72.900	2.150
73.300	2.250
73.500	2.250
POLYLINE BLACK
64.360	18.870
64.360	18.630
64.300	18.390
64.300	18.090
64.540	17.730
64.540	17.490
64.300	17.010
64.420	16.410
64.300	16.110
64.540	15.750
64.780	15.690
65.320	15.330
65.440	15.330
POLYLINE BLACK
64.240	21.810
64.240	21.570
64.360	21.270
64.360	20.970
64.420	20.730
POLYLINE BLACK
64.240	22.650
64.240	22.290
POLYLINE BLACK
64.180	23.910
64.180	23.370
POLYLINE BLACK
63.940	25.410
64.000	25.110
64.060	24.870
64.060	24.750
POLYLINE BLUE
63.760	20.010
63.940	19.590
64.180	19.230
64.300	18.930
64.300	19.170
64.660	20.130
64.720	20.250
POLYLINE BLUE
64.000	22.290
63.940	22.050
64.000	21.810
64.120	21.690
63.880	21.270
64.180	20.910
64.180	20.670
64.060	20.310
64.120	20.010
64.240	19.650
POLYLINE BLACK
63.520	23.190
63.520	22.710
POLYLINE BLACK
63.520	24.390
63.460	24.150
63.460	23.730
POLYLINE BLACK
63.280	25.470
63.340	25.170
63.400	24.810
POLYLINE BLACK
57.600	12.750
58.000	12.850
58.600	13.450
58.700	13.950
59.100	13.950
60.000	14.750
60.100	15.150
60.500	15.250
61.100	15.150
62.800	15.850
62.800	16.050
63.000	16.250
63.100	16.650
63.200	17.050
63.300	18.050
63.400	18.450
63.400	21.150
63.300	21.550
63.300	21.950
POLYLINE BLACK
53.750	11.000
54.350	11.000
55.250	11.900
55.850	11.900
57.050	12.650
57.650	12.650
POLYLINE BLACK
60.650	18.950
59.600	17.750
59.150	17.750
58.250	17.300
58.100	16.850
55.850	15.200
55.250	15.050
52.850	13.400
51.950	12.650
50.000	11.750
49.100	11.150
48.050	10.700
47.000	9.500
47.600	9.350
49.250	9.950
50.000	9.800
51.200	10.100
52.550	10.850
53.150	10.850
53.900	11.000
POLYLINE BLACK
39.200	10.550
40.550	9.800
41.150	9.950
41.450	9.800
42.800	10.250
43.250	10.250
46.400	11.300
46.850	11.300
47.750	11.600
49.400	12.800
50.000	13.400
50.750	13.400
51.650	13.850
52.100	14.600
53.300	15.350
53.900	15.800
54.500	15.950
55.100	16.400
55.550	16.400
57.050	17.600
57.650	18.050
57.950	18.050
59.000	19.100
59.750	19.550
60.500	20.000
POLYLINE BLACK
15.700	9.300
17.100	9.300
17.900	9.500
18.500	9.300
18.900	9.500
19.300	9.300
20.700	9.500
21.700	9.300
22.500	9.300
22.900	9.100
24.500	9.700
25.100	9.700
25.900	9.900
27.500	10.100
28.300	9.900
30.100	9.500
31.700	9.500
33.100	9.900
34.700	10.100
35.700	9.900
36.500	9.700
38.900	10.300
39.300	10.300
