cotw-redraw   (m, 360)

[1]: 2017/08/04     0.00  "paul carruthers pda, jess wilman disto. "


     1.0                   0.000    0.00    0.00         
     1.0         1.1      13.778  327.19   -9.17  [1]    
     1.0         1.1      13.786  327.40   -9.16  [1]    
     1.0         1.1      13.788  327.27   -9.18  [1]    
     1.0                   9.317  262.35    9.70  [1]    
     1.0                  18.164   68.07    7.01  [1]    
     1.0                   3.632  358.47   64.97  [1]    
     1.0                   4.551  323.96  -53.57  [1]    
     1.0                  12.603  312.60   -6.93  [1]    
     1.0         1.2      28.117   23.96   -2.04  [1]    
     1.0         1.2      28.118   23.90   -2.08  [1]    
     1.0         1.2      28.150   23.87   -2.08  [1]    
     1.2                   0.760  305.27   -1.62  [1]    
     1.2                  12.698  131.82    6.47  [1]    
     1.2                   5.136  100.13   65.74  [1]    
     1.2                   2.925   92.82  -61.70  [1]    
     1.2         1.3      20.166   51.55    3.70  [1]    
     1.2         1.3      20.165   51.64    3.64  [1]    
     1.2         1.3      20.149   51.57    3.65  [1]    
     1.3                   0.216  318.46    1.49  [1]    
     1.3                  13.445  145.40    8.06  [1]    
     1.3                   3.934  139.29   64.06  [1]    
     1.3                   3.244  145.31  -42.71  [1]    
     1.3         1.4      26.017   52.63   -4.49  [1]    
     1.3         1.4      26.016   52.54   -4.48  [1]    
     1.3         1.4      26.015   52.53   -4.50  [1]    
     1.4                   5.749  301.74    3.72  [1]    
     1.4                  15.349  120.01   15.29  [1]    
     1.4                   4.973   74.39   74.87  [1]    
     1.4                   0.891  101.89  -77.14  [1]    
     1.4         1.5      13.230   60.03   -1.80  [1]    
     1.4         1.5      13.237   60.08   -1.77  [1]    
     1.4         1.5      13.232   60.06   -1.79  [1]    
     1.5                  11.636  327.91    4.02  [1]    
     1.5                  11.950  136.75   22.99  [1]    
     1.5                   7.058   54.26   71.22  [1]    
     1.5                   1.808  319.79  -59.01  [1]    
     1.5         1.6       9.899  326.92   -4.72  [1]    
     1.5         1.6       9.896  326.81   -4.73  [1]    
     1.5         1.6       9.897  326.71   -4.73  [1]    
     1.6                   8.941  237.38   -0.62  [1]    
     1.6                   1.617   36.84   45.36  [1]    
     1.6                   5.807  279.17   65.07  [1]    
     1.6                   2.194  258.25  -70.98  [1]    
     1.6         1.7      15.023  306.11  -20.51  [1]    
     1.6         1.7      15.032  306.06  -20.50  [1]    
     1.6         1.7      15.027  306.04  -20.52  [1]    
     1.7                   4.090  257.59   17.33  [1]    
     1.7                   4.709   94.00    4.08  [1]    
     1.7                   1.707    8.24   71.25  [1]    
     1.7                   1.229   95.11  -60.26  [1]    
     1.7         1.8       8.142   52.92   14.10  [1]    
     1.7         1.8       8.145   52.90   14.05  [1]    
     1.7         1.8       8.145   52.94   14.10  [1]    
     1.8                   6.163  264.62   17.00  [1]    
     1.8                   1.059  136.14    2.07  [1]    
     1.8                   9.624  308.11   78.00  [1]    
     1.8                   1.426   25.85  -85.12  [1]    
     1.8         1.9      15.189  284.92   49.41  [1]    
     1.8         1.9      15.189  284.98   49.32  [1]    
     1.8         1.9      15.199  284.85   49.40  [1]    "to top of boulder "
     1.6         1.10     32.805   80.88    4.41  [1]    
     1.6                   0.000    0.00    0.00  [1]    
     1.6         1.10     32.343   80.81    4.38  [1]    
     1.6         1.10     32.340   80.77    4.35  [1]    
     1.10                  9.624  318.25   14.97  [1]    
     1.10                 12.506  118.51   20.44  [1]    
     1.10                  6.464   22.84   76.22  [1]    
     1.10                  2.009  320.94  -46.74  [1]    
     1.10                 13.097  227.04    5.82  [1]    
     1.10                 13.077  227.01    5.90  [1]    
     1.10                 13.145  227.07    5.91  [1]    
     1.10        1.11      8.746  347.16   -1.35  [1]    
     1.10        1.11      8.750  347.12   -1.39  [1]    
     1.10        1.11      8.748  347.13   -1.35  [1]    
     1.11                  3.386  287.28   31.21  [1]    
     1.11                 14.854   98.92   12.29  [1]    
     1.11                  3.431   80.44   65.42  [1]    
     1.11                  1.598   65.32  -61.94  [1]    
     1.11                 27.670   55.10    5.97  [1]    
     1.11        1.12     25.852   12.24  -15.26  [1]    
     1.11        1.12     25.856   12.24  -15.26  [1]    
     1.11        1.12     25.849   12.30  -15.23  [1]    
     1.12                 10.187  293.85   15.13  [1]    
     1.12                 18.986   94.94   15.73  [1]    
     1.12                 14.183    0.05   68.14  [1]    
     1.12                  2.217   81.66  -58.31  [1]    
     1.12        1.13     22.980   38.45   13.44  [1]    
     1.12        1.13     22.980   38.44   13.46  [1]    
     1.12        1.13     22.979   38.47   13.45  [1]    
     1.13                  1.736  331.50   14.71  [1]    
     1.13                  6.108  149.51   15.84  [1]    
     1.13                  8.219   97.77   87.96  [1]    
     1.13                  1.386   51.23  -81.12  [1]    
     1.13        1.14     28.090   73.36    7.81  [1]    
     1.13        1.14     28.066   73.46    7.78  [1]    
     1.13        1.14     28.034   73.38    7.76  [1]    
     1.13        1.14     28.062   74.38    7.79  [1]    
     1.14                 15.664  307.41   -8.12  [1]    
     1.14                  3.470  140.28   32.67  [1]    
     1.14                  4.388   12.80   66.44  [1]    
     1.14                  3.951  324.51  -51.93  [1]    
     1.14        1.15     14.636  327.67  -12.15  [1]    
     1.14        1.15     14.624  327.71  -12.13  [1]    
     1.14        1.15     14.636  327.77  -12.13  [1]    
     1.15                  7.502  294.15    6.86  [1]    
     1.15                  9.106  100.28   17.08  [1]    
     1.15                  7.408  326.49   74.94  [1]    
     1.15                  2.545  231.56  -66.63  [1]    
     1.15        1.16      7.843   56.56   -0.87  [1]    
     1.15        1.16      7.839   56.65   -0.77  [1]    
     1.15        1.16      7.838   56.60   -0.79  [1]    
     1.16                  4.644  315.63   15.25  [1]    
     1.16                  6.579  140.73   26.27  [1]    
     1.16                  1.837  306.12  -55.45  [1]    
     1.16        1.17     12.771   25.10  -18.16  [1]    
     1.16        1.17     12.758   25.07  -18.20  [1]    
     1.16        1.17     12.758   25.04  -18.18  [1]    
     1.17                  7.280  332.97   11.64  [1]    
     1.17                 11.813  139.24    3.71  [1]    
     1.17                 11.539   96.56   71.03  [1]    
     1.17                  4.285   43.80  -68.02  [1]    
     1.17        1.18     17.506  101.33  -27.56  [1]    
     1.17        1.18     17.520  101.31  -27.64  [1]    
     1.17        1.18     17.526  102.55  -27.69  [1]    
     1.18                  7.972  342.14    6.88  [1]    
     1.18                  1.675  115.50   13.80  [1]    
     1.18                 19.811   15.99   69.61  [1]    
     1.18                  1.780   50.37  -74.48  [1]    
     1.18        1.19     34.972   24.12   -3.91  [1]    
     1.18        1.19     34.994   24.09   -3.92  [1]    
     1.18        1.19     34.968   24.17   -3.98  [1]    
     1.19                  2.971  282.53  -11.30  [1]    
     1.19                  1.797  133.85  -24.58  [1]    
     1.19                 23.989  267.19   81.99  [1]    
     1.19                  2.794   65.10  -68.58  [1]    
     1.19                  0.535   77.63  -56.99  [1]    
     1.19                  0.546   78.13  -56.25  [1]    
     1.19        1.20      6.128   78.76  -57.27  [1]    
     1.19        1.20      6.127   78.96  -57.22  [1]    
     1.19        1.20      6.134   79.22  -57.18  [1]    
     1.14        1.21     20.994   65.27   12.77  [1]    
     1.14        1.21     21.001   65.26   12.71  [1]    
     1.14        1.21     21.006   65.29   12.72  [1]    
     1.21                  1.224  327.13    0.10  [1]    
     1.21                  0.373  163.57    8.50  [1]    
     1.21                  3.500    0.00   90.00  [1]    
     1.21                  1.196   64.80  -83.99  [1]    
     1.21        1.22      6.963   50.30  -11.85  [1]    
     1.21        1.22      6.964   50.36  -11.93  [1]    
     1.21        1.22      6.963   50.44  -11.95  [1]    
     1.22        1.23      4.422   72.38    4.02  [1]    
     1.22        1.23      4.431   72.43    4.09  [1]    
     1.22        1.23      4.428   72.43    4.06  [1]    
     1.23                  1.215  318.37   20.68  [1]    
     1.23                  1.443  140.10   15.07  [1]    
     1.23                  5.235   55.01   79.85  [1]    
     1.23                  0.765   91.42  -71.95  [1]    
     1.23        1.24      2.391   40.11   -6.36  [1]    
     1.23        1.24      2.390   40.18   -6.41  [1]    
     1.23        1.24      2.391   40.18   -6.43  [1]    
     1.24                  1.455  310.79   42.41  [1]    
     1.24                  2.328  101.90   34.21  [1]    
     1.24                  5.546    5.43   84.36  [1]    
     1.24                  1.250  104.84  -58.63  [1]    
     1.24        1.25     10.672   32.63  -22.10  [1]    
     1.24        1.25     10.676   32.66  -22.10  [1]    
     1.24        1.25     10.671   32.64  -22.09  [1]    
     1.25                  3.450  274.14   22.89  [1]    
     1.25                  1.412  118.36    7.90  [1]    
     1.25                  5.784  294.87   74.95  [1]    
     1.25                  0.800  270.51  -62.01  [1]    
     1.25        1.26      3.789   35.25   55.83  [1]    
     1.25        1.26      3.795   35.16   55.76  [1]    
     1.25        1.26      3.795   35.18   55.71  [1]    
     1.26        1.27     13.819   11.32   28.05  [1]    
     1.26        1.27     13.794   11.28   27.95  [1]    
     1.26        1.27     13.800   11.30   27.94  [1]    
     1.26                  0.000    0.00    0.00  [1]    
     1.26                  3.457  296.04   25.50  [1]    
     1.26                  0.200  119.88   -1.41  [1]    
     1.26                  2.819  332.09   74.80  [1]    
     1.26                  1.290   63.96  -77.01  [1]    
     1.27                 33.543  275.45   63.64  [1]    
     1.27                  4.627  254.44    6.15  [1]    
     1.27                  0.917   87.04   -2.21  [1]    
     1.27                  4.392  298.03   68.16  [1]    
     1.27                  0.963  215.60  -76.45  [1]    
     1.27        1.28     25.845  156.93  -35.39  [1]    
     1.27        1.28     25.940  156.86  -35.45  [1]    
     1.27        1.28     25.919  156.84  -35.44  [1]    
     1.28                  3.449   39.56  -18.11  [1]    
     1.28                  0.406  231.31    1.66  [1]    
     1.28                  2.007   21.63   49.11  [1]    
     1.28                  2.639    5.33  -63.76  [1]    
     1.28        1.29      7.072  109.79  -29.78  [1]    
     1.28        1.29      7.097  109.90  -29.81  [1]    
     1.28        1.29      7.107  109.85  -29.75  [1]    
     1.29                  1.601  355.75    1.55  [1]    
     1.29                  0.228  175.46   -3.18  [1]    
     1.29                  0.775  358.96   55.07  [1]    
     1.29                  1.014   30.44  -74.01  [1]    
     1.29        1.30      5.757   72.90  -15.34  [1]    
     1.29        1.30      5.759   72.75  -15.36  [1]    
     1.29        1.30      5.761   72.75  -15.35  [1]    
     1.30                  0.530   70.14    2.20  [1]    
     1.30                  4.525  215.21    6.24  [1]    
     1.30                  2.819  192.96   59.19  [1]    
     1.30                  1.934  215.61  -68.83  [1]    
     1.30        1.31     13.832  166.96  -31.39  [1]    
     1.30        1.31     13.858  167.11  -31.39  [1]    
     1.30        1.31     13.840  167.03  -31.41  [1]    
     1.31                  1.631   49.00   10.67  [1]    
     1.31                  4.503  253.15   -1.11  [1]    
     1.31                  1.370  246.14   76.39  [1]    
     1.31                  1.716  282.29  -64.60  [1]    
     1.31        1.32      5.149   98.99  -35.63  [1]    
     1.31        1.32      5.153   98.89  -35.69  [1]    
     1.31        1.32      5.154   98.94  -35.68  [1]    
     1.32                  0.499   33.64   -6.45  [1]    
     1.32                  1.600  216.98   24.27  [1]    
     1.32                  1.470  201.69   75.64  [1]    
     1.32                  1.878  163.45  -76.10  [1]    
     1.32        1.33      1.854  146.80   -3.75  [1]    
     1.32        1.33      1.856  146.76   -3.70  [1]    
     1.32        1.33      1.853  146.77   -3.73  [1]    
     1.33                  1.261   10.83    2.66  [1]    
     1.33                  0.464  224.44  -14.49  [1]    
     1.33                  2.059   32.04   84.41  [1]    
     1.33                  2.095  236.53  -76.40  [1]    
     1.33        1.34      5.758  200.84   49.91  [1]    
     1.33        1.34      5.756  200.78   49.93  [1]    
     1.33        1.34      5.797  200.83   49.92  [1]    
     1.34                  0.180   85.25   26.64  [1]    
     1.34                  1.482  290.47   24.30  [1]    
     1.34                  4.193  277.33   62.86  [1]    
     1.34                  1.503  169.85  -85.76  [1]    
     1.34        1.35      7.745  239.61   41.35  [1]    
     1.34        1.35      7.743  239.56   41.37  [1]    
     1.34        1.35      7.743  239.50   41.36  [1]    
     1.35                  0.237  135.95   -3.08  [1]    
     1.35                  0.679  322.52   -1.04  [1]    
     1.35                  0.582  330.66   66.78  [1]    
     1.35                  1.486  275.00  -84.36  [1]    
     1.35        1.36      1.913  215.70   -2.74  [1]    
     1.35        1.36      1.914  215.79   -2.70  [1]    
     1.35        1.36      1.914  215.73   -2.75  [1]    
     1.36                  0.852   76.29  -27.72  [1]    
     1.36                  0.230  254.21  -13.62  [1]    
     1.36                  0.524  256.98   86.72  [1]    
     1.36                  1.080  326.02  -89.28  [1]    
     1.36        1.37      2.756  137.07   -5.65  [1]    
     1.36        1.37      2.751  137.02   -5.66  [1]    
     1.36        1.37      2.751  137.01   -5.70  [1]    
     1.37                  0.582   31.43    1.80  [1]    
     1.37                  0.395  225.30   -9.06  [1]    
     1.37                  0.690   44.72   71.04  [1]    
     1.37                  0.928  291.68  -88.62  [1]    
     1.37        1.38      2.818   96.37   -6.33  [1]    
     1.37        1.38      2.818   96.16   -6.62  [1]    
     1.37        1.38      2.819   96.04   -6.56  [1]    
     1.38                  1.155  333.83   -2.23  [1]    
     1.38                  0.176  147.37    5.52  [1]    
     1.38                  0.468  335.34   69.96  [1]    
     1.38                  0.880   13.83  -88.08  [1]    
     1.38        1.39      9.942   35.62  -35.28  [1]    
     1.38        1.39      9.939   35.77  -35.28  [1]    
     1.38        1.39      9.941   35.82  -35.28  [1]    
     1.39                  0.965  291.29   21.74  [1]    
     1.39                  0.936   92.55   31.44  [1]    
     1.39                  1.433  261.45   71.07  [1]    
     1.39                  3.135   74.95  -58.34  [1]    
     1.39        1.40      5.582   60.68  -51.00  [1]    
     1.39        1.40      5.573   60.48  -50.91  [1]    
     1.39                  3.845  189.70   -0.91  [1]    
