skylight pitch   (m, 360)

[1]: 2017/08/04     0.00  "paul carruthers pda, jess wilman disto. "


     1.0                   0.000    0.00    0.00         
     1.0         1.1       5.769  355.81   23.82  [1]    
     1.0         1.1       5.777  355.68   23.76  [1]    
     1.0         1.1       5.783  355.57   23.76  [1]    
     1.1         1.2      12.445  346.21   13.01  [1]    
     1.1         1.2      12.468  346.18   12.95  [1]    
     1.1         1.2      12.474  346.20   12.94  [1]    
     1.2         1.3      20.935  132.01   40.46  [1]    
     1.2         1.3      20.934  131.53   40.44  [1]    
     1.2         1.3      20.928  129.31   40.41  [1]    
     1.2         1.3      20.928  130.02   40.42  [1]    
     1.3                   4.987  111.46   30.00  [1]    
     1.3         1.4       9.623  106.71   37.98  [1]    
     1.3         1.4       9.628  106.85   37.99  [1]    
     1.3         1.4       9.608  106.88   37.94  [1]    
     1.3         1.4       9.626  106.85   37.97  [1]    
     1.4         1.5       3.133   16.62   29.44  [1]    
     1.4         1.5       3.136   16.18   29.45  [1]    
     1.4         1.5       3.135   16.11   29.42  [1]    
     1.4         1.5       3.133   16.12   29.44  [1]    
     1.5         1.6       4.592    1.51    6.86  [1]    
     1.5         1.6       4.594    1.57    7.00  [1]    
     1.5         1.6       4.596    1.60    6.94  [1]    "to nipple on boss"
     1.5         1.6       4.591    1.59    6.90  [1]    
     1.6                   8.302   46.16  -43.43  [1]    
