TRIP
DATE 2014-04-30 
DECLINATION     0.00
DATA
1.0		231.71	-1.89	0.484	>
1.0		31.01	-10.89	2.160	>
1.0		196.86	84.50	0.719	>
1.0		176.43	-79.27	1.727	>
1.0	1.1	331.29	-25.46	4.791	>
1.0		40.55	9.76	1.681	>
1.0		239.31	2.16	0.212	>
1.0		97.13	84.52	0.338	>
1.0		124.79	-84.24	1.867	>
1.0	1.2	160.97	-30.14	5.798	>
1.0		354.61	0.42	2.162	>
1.0		166.75	-0.06	1.008	>
1.0		322.82	79.00	0.763	>
1.0		46.46	-80.02	1.918	>
1.0	1.3	66.83	29.82	8.038	>
1.3		328.20	-3.78	2.822	>
1.3		141.34	-3.94	0.379	>
1.3		1.95	69.38	1.582	>
1.3		67.41	-83.55	1.320	>
1.3	1.4	24.44	31.13	4.966	>
1.4		301.43	-2.55	0.359	>
1.4		122.26	4.83	2.781	>
1.4		192.23	61.45	2.074	>
1.4		173.63	-81.83	1.777	>
1.4	1.5	118.45	25.33	5.571	>
1.5		41.91	16.83	1.904	>
1.5		212.92	-25.07	0.642	>
1.5		96.92	80.02	3.254	>
1.5		318.81	-86.20	0.962	>

PLAN
STATIONS
0.000	0.000	1.0
-2.078	3.794	1.1
1.635	-4.740	1.2
6.411	2.744	1.3
8.170	6.614	1.4
12.597	4.215	1.5
SHOTS
8.170	6.614	12.597	4.215
12.597	4.215	13.814	5.571
12.597	4.215	12.281	3.727
12.597	4.215	13.157	4.147
12.597	4.215	12.555	4.263
6.411	2.744	8.170	6.614
8.170	6.614	7.864	6.801
8.170	6.614	10.513	5.135
8.170	6.614	7.960	5.645
8.170	6.614	8.198	6.363
0.000	0.000	6.411	2.744
6.411	2.744	4.927	5.137
6.411	2.744	6.647	2.449
6.411	2.744	6.430	3.301
6.411	2.744	6.548	2.801
0.000	0.000	1.635	-4.740
0.000	0.000	-2.078	3.794
0.000	0.000	-0.380	-0.300
0.000	0.000	1.093	1.818
0.000	0.000	-0.020	-0.066
0.000	0.000	0.020	-0.321
0.000	0.000	1.077	1.259
0.000	0.000	-0.182	-0.108
0.000	0.000	0.032	-0.004
0.000	0.000	0.154	-0.107
0.000	0.000	-0.203	2.152
0.000	0.000	0.231	-0.981
0.000	0.000	-0.088	0.116
0.000	0.000	0.241	0.229
POLYLINE BLACK
16.290	-0.420
16.440	-0.420
16.560	-0.390
16.650	-0.390
16.710	-0.360
POLYLINE BLACK
16.410	0.030
16.200	-0.390
16.140	-0.600
16.230	-0.720
16.590	-0.720
POLYLINE BLACK
16.050	0.210
15.990	0.270
15.750	0.120
15.750	0.060
15.870	-0.060
15.750	-0.240
15.540	-0.360
POLYLINE BLACK
15.060	0.300
14.940	0.060
14.970	-0.090
15.030	-0.150
15.150	-0.120
15.330	0.000
15.390	0.210
15.390	0.270
15.180	0.450
15.120	0.480
POLYLINE BLACK
14.370	0.600
14.250	0.240
14.280	0.090
14.460	0.030
14.670	0.120
14.670	0.360
14.520	0.570
POLYLINE BLACK
13.410	-0.030
13.410	0.540
13.470	0.840
13.530	0.960
13.620	0.720
13.620	0.660
13.680	0.600
13.800	0.630
13.890	0.660
14.040	0.810
14.070	0.870
14.040	0.690
13.980	0.510
13.980	0.270
13.950	0.210
POLYLINE BLACK
15.570	2.400
15.450	2.520
15.360	2.520
15.060	2.340
15.030	2.220
15.060	2.160
15.270	2.130
15.480	2.190
15.600	2.310
15.600	2.310
15.570	2.100
15.570	1.710
POLYLINE BLACK
14.910	2.700
14.670	2.670
14.520	2.460
14.430	2.160
14.430	1.860
14.550	1.650
14.730	1.590
14.940	1.590
14.970	1.680
14.700	1.950
14.550	1.950
POLYLINE BLACK
14.100	2.220
14.160	2.190
14.160	2.130
14.100	2.100
POLYLINE BLACK
13.620	2.700
13.620	2.580
13.590	2.490
13.590	1.800
13.620	1.740
POLYLINE BLACK
13.800	7.950
13.530	7.650
13.500	7.590
13.410	7.560
13.320	7.410
13.080	7.200
12.900	7.080
12.210	6.390
12.030	6.270
11.910	6.180
11.730	6.180
11.610	6.210
11.490	6.180
11.340	6.180
11.220	6.210
11.100	6.240
10.980	6.300
10.830	6.300
10.710	6.330
10.620	6.330
10.260	6.570
9.750	6.750
9.330	6.810
9.210	6.750
9.120	6.780
8.610	6.660
8.160	6.540
7.530	6.510
7.410	6.480
7.320	6.480
7.020	6.300
6.870	6.240
6.600	6.030
6.090	5.790
5.970	5.760
5.610	5.640
5.430	5.580
5.130	5.370
4.980	5.280
4.860	5.250
POLYLINE BLACK
12.030	1.800
12.630	2.340
13.140	2.940
13.260	3.060
13.410	3.300
13.620	3.570
13.830	3.840
14.460	4.650
14.580	4.800
14.670	4.830
14.880	5.190
15.090	5.400
15.240	5.640
POLYLINE BLACK
10.920	4.380
10.800	4.350
10.740	4.200
10.620	4.110
10.260	3.390
9.930	2.940
9.840	2.820
POLYLINE BLACK
6.780	2.550
6.900	2.580
7.050	2.640
7.290	2.880
7.470	3.000
7.920	3.420
7.950	3.510
8.130	3.630
8.580	4.020
8.820	4.290
9.120	4.470
9.480	4.680
9.780	4.740
10.020	4.890
10.500	5.040
10.680	4.950
10.920	4.590
11.130	4.350
11.160	4.290
POLYLINE BLACK
4.980	6.330
POLYLINE BLACK
9.330	4.560
9.120	4.890
9.000	5.400
8.790	5.880
8.760	5.820
8.760	5.490
8.700	5.370
8.610	5.280
8.520	5.190
8.520	4.980
8.580	4.800
8.400	4.740
7.770	4.650
7.770	4.590
7.650	4.590
7.530	4.560
7.800	4.770
7.860	4.830
7.740	4.860
7.530	4.680
7.470	4.530
7.500	4.470
7.650	4.440
7.920	4.380
POLYLINE BLACK
3.450	3.060
3.480	3.000
3.390	2.940
3.210	2.610
2.850	2.280
2.760	2.190
3.000	2.250
3.300	2.400
4.050	2.670
POLYLINE BLACK
2.430	4.440
2.370	3.960
POLYLINE BLACK
2.190	4.830
2.370	4.530
2.430	4.500
2.550	4.590
2.760	4.890
POLYLINE BLACK
3.330	5.250
3.390	5.220
3.420	5.010
3.360	4.890
POLYLINE BLACK
2.910	5.310
3.000	5.280
3.120	5.070
3.180	5.040
3.330	5.250
3.450	5.370
3.540	5.400
3.630	5.550
POLYLINE BLACK
1.230	1.980
1.350	1.980
1.470	2.040
1.560	2.040
1.620	2.100
1.740	2.100
2.070	2.430
2.340	2.760
2.610	2.970
2.730	3.150
3.420	3.570
3.660	3.780
3.750	3.930
4.320	4.440
4.620	4.740
4.740	4.800
4.830	4.950
4.860	5.070
5.130	5.430
POLYLINE BLACK
3.150	1.890
3.120	1.830
3.270	1.950
3.660	2.130
3.810	1.920
3.810	1.710
3.720	1.470
3.600	1.380
3.540	1.380
3.480	1.440
3.450	1.770
3.450	1.860
3.420	1.920
POLYLINE BLACK
1.890	1.350
1.980	1.680
2.100	1.770
2.250	1.590
2.250	1.470
2.220	1.350
1.920	1.110
1.800	1.290
POLYLINE BLACK
2.190	0.600
2.280	0.870
2.430	1.200
2.490	1.200
2.610	1.110
2.700	1.110
2.820	1.080
2.910	0.960
2.880	0.840
2.850	0.750
2.640	0.630
2.370	0.600
POLYLINE BLACK
7.890	2.640
7.890	2.280
7.920	2.190
POLYLINE BLACK
7.710	3.270
7.740	3.120
7.890	2.490
8.400	3.120
POLYLINE BLACK
1.260	-0.390
1.290	-0.450
1.470	-0.300
1.530	-0.300
1.650	-0.180
1.710	-0.180
1.890	-0.030
2.040	-0.030
2.310	0.120
2.490	0.150
2.700	0.240
3.030	0.480
3.420	0.750
3.720	0.900
3.780	0.900
3.840	0.960
4.200	1.140
4.530	1.170
4.800	1.350
4.920	1.380
5.550	1.800
5.820	1.890
6.120	2.250
6.480	2.610
6.870	2.730
6.930	2.700
POLYLINE BLACK
0.540	2.940
0.180	3.210
POLYLINE BLACK
-1.020	5.400
-1.080	5.610
-1.020	5.520
POLYLINE BLACK
-0.510	5.250
-0.360	5.220
0.090	5.220
0.150	5.250
0.210	5.220
POLYLINE BLACK
-0.900	5.310
-0.480	5.460
-0.300	5.460
0.090	5.520
0.150	5.520
0.210	5.460
POLYLINE BLACK
-0.510	4.560
-0.450	4.680
-0.450	5.220
POLYLINE BLACK
-0.810	4.680
-0.780	4.830
-0.780	5.070
-0.750	5.190
-0.750	5.310
POLYLINE BLACK
0.270	4.290
0.120	4.380
-0.870	5.370
POLYLINE BLACK
-2.790	5.190
-2.790	5.250
-2.580	5.520
-2.430	5.790
-2.100	5.460
-2.070	5.340
-2.310	4.950
-2.370	4.800
-2.490	4.830
-2.640	4.980
-2.730	5.130
-2.760	5.250
-2.820	5.400
POLYLINE BLACK
-3.600	1.800
-3.510	1.890
-3.450	1.860
-3.480	1.800
-3.630	1.950
POLYLINE BLACK
-2.790	1.710
-2.880	1.590
-2.880	1.230
-2.760	1.200
-2.610	1.200
-2.550	1.170
-2.580	1.050
-2.700	0.900
-2.850	0.840
POLYLINE BLACK
-3.630	2.010
POLYLINE BLACK
-0.420	-3.030
-0.480	-3.240
-0.480	-3.390
-0.540	-3.570
POLYLINE BLACK
-0.690	-2.580
-0.750	-2.520
-0.720	-2.700
-0.540	-3.030
-0.480	-3.060
-0.270	-2.700
-0.180	-2.550
POLYLINE BLACK
2.580	-2.400
2.580	-2.490
2.550	-2.640
2.520	-3.000
2.430	-3.090
2.280	-3.300
2.430	-3.150
2.610	-2.970
2.670	-2.940
2.700	-3.060
2.700	-3.150
2.730	-3.270
POLYLINE BLACK
2.040	-2.070
2.070	-2.130
2.040	-2.250
2.040	-2.610
POLYLINE BLACK
1.920	-1.890
1.980	-2.130
2.040	-2.160
2.220	-1.980
2.460	-1.650
2.490	-1.560
POLYLINE BLACK
2.160	-4.530
2.160	-4.530
2.160	-4.440
2.010	-3.990
2.010	-3.900
1.860	-3.540
1.770	-3.420
1.590	-3.060
1.470	-2.880
1.470	-2.760
1.380	-2.490
1.320	-2.430
1.290	-2.310
1.140	-2.040
0.930	-1.440
0.930	-1.350
0.900	-1.290
0.930	-1.170
0.930	-1.020
0.810	-0.780
0.780	-0.660
0.930	-0.510
1.140	-0.300
POLYLINE BLACK
0.660	-2.970
0.690	-3.120
0.720	-3.270
0.750	-3.540
0.810	-3.810
0.840	-4.080
0.870	-4.200
0.870	-4.260
0.930	-4.350
0.930	-4.410
1.260	-4.740
1.350	-4.920
POLYLINE BLACK
-0.660	-0.030
-0.630	-0.150
-0.360	-0.420
-0.210	-0.750
-0.180	-1.020
-0.180	-1.230
-0.030	-1.710
0.000	-1.830
0.240	-2.340
0.300	-2.490
0.480	-2.700
0.540	-2.850
0.780	-3.240
POLYLINE BLACK
-2.070	4.710
-2.010	4.740
-1.770	4.500
-1.500	4.080
-1.290	3.840
-1.200	3.630
-0.750	3.210
-0.630	2.940
-0.420	2.610
0.120	2.280
0.240	2.250
0.420	2.160
0.540	2.130
0.750	2.100
0.810	2.130
0.960	1.980
0.990	1.920
1.050	1.920
POLYLINE BLACK
-3.600	1.860
POLYLINE BLACK
-3.390	1.260
-3.090	0.630
POLYLINE BLACK
-3.570	1.590
POLYLINE BLACK
-3.360	0.900
-3.330	0.840
POLYLINE BLACK
-4.860	0.810
-4.500	0.030
-4.560	0.060
-4.440	0.240
-4.440	0.870
-4.500	1.020
-4.560	1.080
-4.530	0.900
-4.470	0.810
-4.470	0.750
-4.050	0.090
-3.990	0.120
-3.930	0.330
-3.990	0.600
-4.080	0.810
-4.170	0.690
-4.140	0.540
-4.050	0.390
-3.930	0.390
-3.810	0.510
-3.780	0.720
-3.780	0.900
-3.990	1.440
-3.990	1.500
-4.020	1.380
-3.780	0.930
-3.570	0.660
-3.540	0.570
POLYLINE BLACK
-3.480	4.080
-3.480	4.410
-3.450	4.680
-3.420	4.860
POLYLINE BLACK
-3.630	3.870
-3.660	4.020
-3.690	4.410
-3.690	4.560
-3.660	4.650
POLYLINE BLACK
-2.460	5.010
-2.190	4.650
-2.010	4.590
-1.950	4.440
POLYLINE BLACK
-0.480	-0.120
-0.570	0.030
-0.660	0.060
-1.350	0.840
-1.440	1.080
-1.470	1.350
-1.620	1.980
-1.770	2.190
-1.770	2.250
-1.860	2.400
-2.100	2.970
-2.130	3.090
-2.190	3.330
-2.280	3.780
-2.430	3.930
-2.460	4.050
-2.610	4.230
-2.730	4.500
-2.850	4.590

ELEVATION
STATIONS
0.000	0.000	1.0
4.326	-2.060	1.1
5.014	-2.911	1.2
6.974	3.997	1.3
11.225	6.564	1.4
16.260	8.947	1.5
SHOTS
11.225	6.564	16.260	8.947
16.260	8.947	16.674	9.498
16.260	8.947	16.217	8.675
16.260	8.947	16.783	12.152
16.260	8.947	16.199	7.987
6.974	3.997	11.225	6.564
11.225	6.564	11.067	6.548
11.225	6.564	13.990	6.798
11.225	6.564	10.257	8.386
11.225	6.564	11.085	4.805
0.000	0.000	6.974	3.997
6.974	3.997	7.857	3.811
6.974	3.997	6.942	3.971
6.974	3.997	7.487	5.478
6.974	3.997	7.090	2.685
0.000	0.000	5.014	-2.911
0.000	0.000	4.326	-2.060
0.000	0.000	-0.079	-0.016
0.000	0.000	1.064	-0.408
0.000	0.000	-0.048	0.716
0.000	0.000	-0.292	-1.697
0.000	0.000	0.000	0.285
0.000	0.000	0.000	0.008
0.000	0.000	0.000	0.336
0.000	0.000	0.000	-1.858
0.000	0.000	0.000	0.016
0.000	0.000	0.000	-0.001
0.000	0.000	0.000	0.749
0.000	0.000	0.000	-1.889
POLYLINE BLACK
7.550	6.350
7.650	6.300
8.650	7.300
8.950	7.700
9.650	8.300
10.650	9.350
11.100	9.550
11.250	9.550
11.500	9.700
11.600	9.700
12.500	10.300
12.700	10.600
13.100	10.950
13.300	11.150
13.250	11.500
13.400	12.000
13.400	12.150
13.550	12.350
13.700	13.000
14.150	13.450
14.550	13.700
15.250	13.800
15.350	13.900
15.500	13.900
15.700	13.950
15.950	13.900
16.100	13.900
16.300	13.950
16.450	13.950
16.650	13.800
16.850	13.750
17.200	13.600
17.900	12.900
18.100	12.450
18.150	11.900
18.150	11.550
18.200	11.450
POLYLINE BLACK
17.850	12.450
17.850	11.850
17.900	11.450
17.900	10.900
17.950	10.800
17.950	10.450
18.150	9.650
18.150	9.450
18.300	8.700
18.300	7.900
18.250	7.700
18.200	7.450
18.150	7.200
POLYLINE BLACK
13.800	7.250
14.050	7.300
14.150	7.300
14.450	7.500
15.300	7.500
15.600	7.550
15.800	7.500
16.300	7.500
16.500	7.450
16.700	7.450
16.850	7.500
17.050	7.450
17.150	7.500
17.400	7.450
17.600	7.450
17.850	7.500
18.050	7.500
POLYLINE BLACK
14.250	6.150
14.900	6.700
15.000	6.950
14.900	7.050
15.250	7.400
POLYLINE BLACK
14.150	6.150
POLYLINE BLACK
9.000	3.750
9.250	3.800
9.750	4.100
9.950	4.150
10.800	4.800
11.000	4.800
11.200	4.850
11.400	4.850
11.400	4.950
11.750	5.300
12.050	5.900
12.150	6.000
12.200	6.200
12.600	7.300
12.650	7.400
12.850	7.350
13.150	7.250
13.350	7.250
13.700	7.100
13.800	6.750
13.850	6.300
13.750	5.600
13.550	5.300
13.250	5.050
12.600	4.700
12.350	4.650
12.050	4.800
11.850	5.000
POLYLINE BLACK
3.650	8.150
3.500	8.150
POLYLINE BLACK
7.250	2.500
7.200	2.600
7.300	2.700
7.400	2.700
8.200	3.350
9.200	3.850
9.400	3.900
9.500	3.950
POLYLINE BLACK
6.250	2.000
6.100	2.150
6.150	2.350
6.450	2.650
6.900	2.750
7.100	2.750
7.150	2.650
6.850	2.200
6.750	2.150
POLYLINE BLACK
5.000	1.300
4.900	1.250
4.900	1.700
5.000	1.900
5.250	2.100
5.600	2.150
6.100	2.150
6.300	2.050
6.350	1.950
5.900	1.500
5.550	1.250
POLYLINE BLACK
4.200	0.600
3.850	0.800
3.800	0.900
3.900	1.200
4.250	1.400
4.550	1.450
4.750	1.400
4.900	1.400
4.850	1.150
4.650	0.800
4.400	0.750
4.200	0.800
POLYLINE BLACK
7.650	-4.400
7.650	-4.300
7.250	-3.850
7.050	-3.800
6.950	-3.700
6.750	-3.650
6.200	-3.050
6.100	-2.700
5.850	-2.350
5.800	-2.150
5.550	-1.900
5.450	-1.900
5.350	-1.800
5.150	-1.750
4.900	-1.700
4.800	-1.500
4.350	-1.250
4.150	-1.200
3.650	-1.050
3.350	-0.800
3.300	-0.900
2.950	-0.550
2.750	-0.500
2.600	-0.300
2.800	-0.250
2.850	-0.150
3.050	-0.150
3.750	0.150
3.950	0.300
4.100	0.550
4.650	1.000
5.150	1.400
5.350	1.500
5.250	1.550
POLYLINE BLACK
-0.100	1.050
-0.100	1.050
0.150	1.350
0.300	1.400
0.500	1.600
0.550	1.750
0.900	2.100
1.350	2.550
2.100	3.150
2.650	3.700
2.850	3.850
3.550	3.700
4.200	4.050
4.950	4.500
5.150	4.650
5.400	4.750
5.600	4.900
5.850	4.950
6.050	5.050
6.400	5.050
6.600	5.100
7.200	5.200
7.700	5.700
POLYLINE BLACK
5.200	-3.650
4.050	-2.850
3.750	-2.600
3.150	-2.400
2.100	-1.850
1.850	-1.800
1.200	-1.550
1.000	-1.600
0.600	-1.400
0.300	-1.400
0.000	-1.300
-0.200	-1.150
-0.450	-1.050
-0.600	-0.800
-0.550	-0.600
-0.450	-0.100
-0.500	0.100
-0.550	0.300
-0.350	0.600
-0.350	0.800
