TRIP
DATE 2014-07-24 
DECLINATION     0.00
DATA
1.0	1.1	227.80	-18.11	9.126	>
1.1		152.81	24.48	2.640	>
1.1		333.87	3.76	7.561	>
1.1		193.61	84.64	11.880	>
1.1		127.65	-87.41	0.980	>
1.1		220.94	43.52	17.990	>
1.1		252.34	28.06	16.080	>
1.1		282.28	4.19	9.950	>
1.1		121.73	54.05	14.720	>
1.1		83.81	29.82	13.850	>
1.1		49.76	-8.09	3.561	>
1.1		52.41	47.52	10.560	>
1.1		21.01	18.53	7.600	>
1.1		345.18	-10.73	6.770	>
1.1		315.76	-34.14	3.471	>
1.1		313.70	22.22	9.900	>
1.1		282.29	11.12	9.989	>
1.1		349.17	33.83	9.580	>
1.1		336.36	63.61	10.380	>
1.1	1.2	279.69	-22.16	8.489	>
1.2		257.59	3.78	0.970	>
1.2		34.74	-9.44	2.311	>
1.2		327.65	43.07	3.390	>
1.2		101.31	-86.44	1.150	>
1.2		355.94	-47.48	11.500	>
1.888	1.2	176.43	46.31	11.099	>
1.889	1.888	104.96	45.75	9.806	>
1.889		27.89	6.13	2.671	>
1.889		170.67	18.58	0.540	>
1.889		15.15	74.24	6.480	>
1.889		167.42	-84.38	1.360	>
1.889		277.10	-13.83	8.590	>
1.889		255.43	14.40	12.621	>
1.889		239.66	14.19	12.479	>
1.889		270.39	52.02	10.510	>
1.889		308.90	-16.75	9.400	>
1.889		343.65	-13.84	3.769	>
1.889		185.48	2.65	1.950	>
1.890	1.889	125.80	17.71	9.019	>
1.890		280.41	5.50	0.250	>
1.890		98.39	5.64	5.540	>
1.890		18.37	84.71	8.850	>
1.890		244.46	-81.26	1.480	>
1.891	1.890	235.74	8.44	5.569	>
1.891		323.32	11.67	2.150	>
1.891		117.89	7.65	1.600	>
1.891		296.23	85.83	3.170	>
1.891		325.88	-84.22	1.450	>
1.891	1.892	47.08	-41.26	8.973	>
1.892	1.893	292.80	-1.31	4.300	>
1.890	1.894	172.63	27.57	11.520	>
1.894		203.38	3.31	3.390	>
1.894		330.65	0.62	4.930	>
1.894		299.98	77.98	1.480	>
1.894		227.40	-83.79	1.720	>
1.894	1.895	300.13	1.73	8.319	>
1.895		222.65	3.52	0.830	>
1.895		22.94	9.13	0.990	>
1.895		343.11	85.27	0.710	>
1.895		289.18	-72.31	0.240	>
1.895	1.896	298.99	-9.79	3.377	>
1.896		212.47	3.15	2.690	>
1.896		22.48	3.02	1.919	>
1.896		44.30	81.40	1.550	>
1.896		196.16	-84.65	0.770	>
1.896	1.897	279.42	-17.13	7.959	>
1.897		226.27	13.68	2.330	>
1.897		23.92	4.51	4.670	>
1.897		31.98	82.68	6.280	>
1.897		209.55	-81.49	1.219	>
1.897	1.898	74.06	1.04	6.630	>
1.898		296.44	-4.58	2.280	>
1.898		95.07	5.51	0.250	>
1.898		354.20	70.89	1.210	>
1.898		42.05	-84.29	1.380	>
1.898	1.899	344.08	-15.73	3.593	>
1.899		304.35	7.74	0.290	>
1.899		144.85	15.10	1.700	>
1.899		141.46	61.22	0.900	>
1.899		177.21	-86.32	0.640	>
1.899	1.900	57.94	-0.59	2.636	>
1.900		74.72	-80.96	5.820	>
1.897	1.901	322.26	-31.68	12.720	>
1.901		247.89	6.52	4.040	>
1.901		76.78	8.59	2.940	>
1.901		315.88	83.95	9.611	>
1.901		101.89	-83.63	0.350	>
1.901		187.19	35.86	5.541	>
1.901		252.67	46.18	7.600	>
1.901		191.29	-33.85	5.940	>
1.901		303.01	2.63	18.019	>
1.901		359.31	14.85	25.569	>
1.901		18.96	-3.03	8.290	>
1.901	1.902	304.31	-25.33	18.763	>
1.902		279.12	-9.17	3.099	>
1.902		93.56	16.25	4.460	>
1.902		147.14	85.58	11.650	>
1.902		121.36	-85.12	0.880	>
1.902		198.72	7.60	14.950	>
1.902		219.11	23.09	5.860	>
1.902		181.02	42.35	13.560	>
1.902		149.05	41.93	6.000	>
1.902		126.42	67.41	10.960	>
1.902		331.72	3.36	1.330	>
1.902		9.48	-15.08	8.560	>
1.902		31.41	-10.28	7.290	>
1.902		49.35	29.76	5.850	>
1.902		39.30	65.54	9.690	>
1.902	1.903	15.59	14.86	6.543	>
1.903		277.09	7.35	0.360	>
1.903		100.98	2.13	1.991	>
1.903		196.60	77.51	10.160	>
1.903		134.29	-81.77	0.800	>
1.903	1.904	20.78	-4.65	9.637	>
1.904		281.71	4.99	3.531	>
1.904		108.07	13.46	0.610	>
1.904		10.57	77.54	9.450	>
1.904		333.32	-76.46	0.980	>
1.904	1.905	29.58	-10.52	8.679	>
1.905		292.19	18.05	4.011	>
1.905		110.28	5.44	2.130	>
1.905		6.59	82.70	4.320	>
1.905		287.24	-83.29	1.560	>
1.905	1.906	65.17	-33.61	2.253	>
1.906		297.59	8.71	2.020	>
1.906		118.92	6.82	1.970	>
1.906		323.24	82.65	4.010	>
1.906		259.00	-79.68	0.410	>
1.906		351.90	18.49	21.780	>
1.906		0.18	-6.74	14.290	>
1.906		93.19	3.77	3.300	>
1.906		75.19	-4.46	3.280	>
1.906		83.63	6.37	12.280	>
1.904	1.907	311.86	-16.97	17.070	>
1.907		185.85	12.40	2.570	>
1.907		335.04	13.59	1.889	>
1.907		277.75	71.57	1.360	>
1.907		149.62	-85.18	0.400	>
1.907	1.908	240.04	26.94	6.000	>
1.908		255.03	9.44	0.859	>
1.908		37.23	7.09	1.361	>
1.908		227.45	86.03	2.630	>
1.908		208.32	-80.29	0.950	>
1.908	1.909	329.99	39.22	7.536	>
1.909		255.90	9.41	1.640	>
1.909		69.92	12.95	2.400	>
1.909		48.28	85.56	3.510	>
1.909		338.65	-59.22	0.510	>
1.909	1.910	334.25	39.73	3.816	>
1.910		274.71	7.45	2.150	>
1.910		75.07	14.22	0.240	>
1.910		266.97	69.45	12.670	>
1.910		280.30	-78.83	1.500	>
1.910	1.911	328.21	-17.25	4.559	>
1.911		264.16	17.80	1.580	>
1.911		77.89	4.75	9.860	>
1.911		24.06	75.61	9.960	>
1.911		312.88	-75.77	0.699	>
1.911		342.52	-6.77	10.890	>
1.911		18.43	-1.57	5.270	>
1.911		42.96	3.28	11.540	>
1.911		92.77	2.78	12.020	>
1.911		122.18	19.26	8.290	>
1.911		104.98	46.49	13.520	>
1.911		54.84	74.98	14.559	>
1.911		328.26	52.72	11.810	>
1.911		303.49	16.27	15.630	>
1.911		330.67	2.07	16.210	>
1.911		352.51	-12.91	10.880	>
1.911		269.49	54.53	11.680	>
1.911		185.25	68.52	14.330	>
1.911		197.69	36.66	3.770	>
1.911	1.912	313.25	9.80	9.820	>
1.912		252.97	18.59	4.290	>
1.912		32.74	-0.73	2.131	>
1.912		2.02	74.82	9.650	>
1.912		259.68	-72.03	1.140	>
1.912	1.913	328.09	0.99	13.013	>
1.913		266.48	26.75	2.550	>
1.913		49.50	6.69	2.550	>
1.913		289.59	76.43	10.640	>
1.913		39.29	-56.17	1.481	>
1.913	1.914	346.70	2.95	6.753	>
1.914		191.46	3.17	2.550	>
1.914		39.06	4.41	2.330	>
1.914		198.75	82.87	7.970	>
1.914		126.87	-87.56	0.470	>
1.914	1.915	268.82	21.05	17.776	>
1.915		141.72	1.28	2.960	>
1.915		6.62	20.48	1.749	>
1.915		61.86	74.56	5.971	>
1.915		113.21	-63.22	1.070	>
1.915		146.39	-44.64	5.871	>
1.915	1.916	239.15	6.21	3.023	>
1.916		149.32	-4.08	4.390	>
1.916		346.32	11.89	0.670	>
1.916		229.72	83.93	31.150	>
1.916		90.38	-84.69	1.610	>
1.916		215.93	81.56	31.640	>
1.916		174.14	0.66	1.470	>
1.916		130.33	-45.71	5.720	>
1.916		5.83	2.68	1.371	>
1.916		2.63	68.45	12.940	>
1.916		305.91	71.52	13.720	>

PLAN
STATIONS
-6.426	-5.826	1.1
-14.176	-4.502	1.2
-14.653	3.150	1.888
-21.264	4.917	1.889
-28.232	9.943	1.890
-23.679	13.044	1.891
-18.739	17.637	1.892
-22.702	19.303	1.893
-26.923	-0.184	1.894
-34.115	3.990	1.895
-37.026	5.603	1.896
-44.529	6.848	1.897
-38.155	8.669	1.898
-39.104	11.995	1.899
-36.870	13.394	1.900
-51.155	15.408	1.901
-65.163	24.968	1.902
-63.463	31.059	1.903
-60.055	40.039	1.904
-55.842	47.460	1.905
-54.139	48.248	1.906
-72.215	50.933	1.907
-76.849	48.262	1.908
-79.769	53.318	1.909
-81.044	55.961	1.910
-83.338	59.662	1.911
-90.386	66.292	1.912
-97.263	77.337	1.913
-98.814	83.900	1.914
-115.400	83.559	1.915
-117.980	82.018	1.916
SHOTS
-115.400	83.559	-117.980	82.018
-117.980	82.018	-121.503	84.569
-117.980	82.018	-117.762	86.766
-117.980	82.018	-117.841	83.380
-117.980	82.018	-114.935	79.433
-117.980	82.018	-117.830	80.556
-117.980	82.018	-120.706	78.256
-117.980	82.018	-117.831	82.017
-117.980	82.018	-120.493	79.888
-117.980	82.018	-118.135	82.655
-117.980	82.018	-115.746	78.252
-98.814	83.900	-115.400	83.559
-115.400	83.559	-113.088	80.080
-115.400	83.559	-114.957	83.369
-115.400	83.559	-113.998	84.309
-115.400	83.559	-115.211	85.187
-115.400	83.559	-113.567	81.236
-97.263	77.337	-98.814	83.900
-98.814	83.900	-98.798	83.888
-98.814	83.900	-99.132	82.963
-98.814	83.900	-97.350	85.704
-98.814	83.900	-99.320	81.405
-90.386	66.292	-97.263	77.337
-97.263	77.337	-96.741	77.975
-97.263	77.337	-99.615	78.174
-97.263	77.337	-95.337	78.982
-97.263	77.337	-99.536	77.197
-83.338	59.662	-90.386	66.292
-90.386	66.292	-90.732	66.229
-90.386	66.292	-90.297	68.818
-90.386	66.292	-89.234	68.084
-90.386	66.292	-94.274	65.101
-81.044	55.961	-83.338	59.662
-83.338	59.662	-84.257	56.781
-83.338	59.662	-83.818	54.436
-83.338	59.662	-90.116	59.602
-83.338	59.662	-84.720	70.177
-83.338	59.662	-91.272	73.785
-83.338	59.662	-95.851	67.941
-83.338	59.662	-87.101	65.746
-83.338	59.662	-80.253	61.835
-83.338	59.662	-74.346	57.256
-83.338	59.662	-76.715	55.494
-83.338	59.662	-71.346	59.081
-83.338	59.662	-75.486	68.093
-83.338	59.662	-81.672	64.660
-83.338	59.662	-86.587	69.976
-83.338	59.662	-83.464	59.779
-83.338	59.662	-82.329	61.922
-83.338	59.662	-73.731	61.724
-83.338	59.662	-84.835	59.509
-79.769	53.318	-81.044	55.961
-81.044	55.961	-81.330	56.013
-81.044	55.961	-85.485	55.726
-81.044	55.961	-80.819	56.021
-81.044	55.961	-83.169	56.136
-76.849	48.262	-79.769	53.318
-79.769	53.318	-79.864	53.561
-79.769	53.318	-79.566	53.499
-79.769	53.318	-77.572	54.121
-79.769	53.318	-81.338	52.924
-72.215	50.933	-76.849	48.262
-76.849	48.262	-76.925	48.121
-76.849	48.262	-76.983	48.139
-76.849	48.262	-76.032	49.337
-76.849	48.262	-77.668	48.043
-60.055	40.039	-72.215	50.933
-72.215	50.933	-72.198	50.904
-72.215	50.933	-72.641	50.991
-72.215	50.933	-72.990	52.598
-72.215	50.933	-72.471	48.436
-55.842	47.460	-54.139	48.248
-54.139	48.248	-42.010	49.601
-54.139	48.248	-50.978	49.084
-54.139	48.248	-50.851	48.065
-54.139	48.248	-54.094	62.439
-54.139	48.248	-57.050	68.697
-54.139	48.248	-54.211	48.234
-54.139	48.248	-54.446	48.659
-54.139	48.248	-52.427	47.302
-54.139	48.248	-55.909	49.173
-60.055	40.039	-55.842	47.460
-55.842	47.460	-56.016	47.514
-55.842	47.460	-55.779	48.005
-55.842	47.460	-53.853	46.725
-55.842	47.460	-59.373	48.900
-63.463	31.059	-60.055	40.039
-60.055	40.039	-60.158	40.244
-60.055	40.039	-59.681	42.044
-60.055	40.039	-59.491	39.855
-60.055	40.039	-63.499	40.753
-65.163	24.968	-63.463	31.059
-63.463	31.059	-63.381	30.979
-63.463	31.059	-64.091	28.953
-63.463	31.059	-61.510	30.680
-63.463	31.059	-63.817	31.103
-51.155	15.408	-65.163	24.968
-65.163	24.968	-62.622	28.073
-65.163	24.968	-61.310	28.276
-65.163	24.968	-61.425	31.090
-65.163	24.968	-63.802	33.120
-65.163	24.968	-65.792	26.137
-65.163	24.968	-61.775	22.468
-65.163	24.968	-62.867	21.140
-65.163	24.968	-65.341	14.948
-65.163	24.968	-68.564	20.785
-65.163	24.968	-69.918	10.933
-65.163	24.968	-65.099	24.929
-65.163	24.968	-64.676	24.214
-65.163	24.968	-60.889	24.702
-65.163	24.968	-68.184	25.453
-44.529	6.848	-51.155	15.408
-51.155	15.408	-48.466	23.237
-51.155	15.408	-51.451	40.122
-51.155	15.408	-66.250	25.214
-51.155	15.408	-52.121	10.570
-51.155	15.408	-56.178	13.841
-51.155	15.408	-51.717	10.953
-51.155	15.408	-51.117	15.400
-51.155	15.408	-51.860	16.135
-51.155	15.408	-48.325	16.073
-51.155	15.408	-54.874	13.897
-39.104	11.995	-36.870	13.394
-36.870	13.394	-35.988	13.635
-38.155	8.669	-39.104	11.995
-39.104	11.995	-39.102	11.954
-39.104	11.995	-38.834	11.656
-39.104	11.995	-38.159	10.653
-39.104	11.995	-39.341	12.157
-44.529	6.848	-38.155	8.669
-38.155	8.669	-38.063	8.771
-38.155	8.669	-38.195	9.063
-38.155	8.669	-37.907	8.647
-38.155	8.669	-40.190	9.681
-37.026	5.603	-44.529	6.848
-44.529	6.848	-44.618	6.691
-44.529	6.848	-44.105	7.527
-44.529	6.848	-42.641	11.104
-44.529	6.848	-46.165	5.283
-34.115	3.990	-37.026	5.603
-37.026	5.603	-37.046	5.534
-37.026	5.603	-36.864	5.769
-37.026	5.603	-36.293	7.374
-37.026	5.603	-38.468	3.337
-26.923	-0.184	-34.115	3.990
-34.115	3.990	-34.184	4.014
-34.115	3.990	-34.132	4.046
-34.115	3.990	-33.734	4.890
-34.115	3.990	-34.676	3.381
-28.232	9.943	-26.923	-0.184
-26.923	-0.184	-27.060	-0.310
-26.923	-0.184	-27.190	-0.030
-26.923	-0.184	-29.339	4.113
-26.923	-0.184	-28.266	-3.290
-18.739	17.637	-22.702	19.303
-23.679	13.044	-18.739	17.637
-28.232	9.943	-23.679	13.044
-23.679	13.044	-23.761	13.165
-23.679	13.044	-23.886	13.146
-23.679	13.044	-22.277	12.302
-23.679	13.044	-24.937	14.733
-21.264	4.917	-28.232	9.943
-28.232	9.943	-28.435	9.846
-28.232	9.943	-27.975	10.717
-28.232	9.943	-22.778	9.139
-28.232	9.943	-28.477	9.988
-14.653	3.150	-21.264	4.917
-21.264	4.917	-21.450	2.978
-21.264	4.917	-22.294	8.429
-21.264	4.917	-28.269	10.569
-21.264	4.917	-27.731	4.961
-21.264	4.917	-31.706	-1.194
-21.264	4.917	-33.095	1.841
-21.264	4.917	-29.541	5.948
-21.264	4.917	-21.235	4.787
-21.264	4.917	-20.804	6.616
-21.264	4.917	-21.181	4.412
-21.264	4.917	-20.022	7.264
-14.176	-4.502	-14.653	3.150
-6.426	-5.826	-14.176	-4.502
-14.176	-4.502	-15.121	-4.710
-14.176	-4.502	-12.877	-2.629
-14.176	-4.502	-15.501	-2.410
-14.176	-4.502	-14.106	-4.516
-14.176	-4.502	-14.726	3.251
0.000	0.000	-6.426	-5.826
-6.426	-5.826	-5.328	-7.963
-6.426	-5.826	-9.749	0.947
-6.426	-5.826	-6.687	-6.904
-6.426	-5.826	-6.391	-5.853
-6.426	-5.826	-14.974	-15.680
-6.426	-5.826	-19.946	-10.131
-6.426	-5.826	-16.122	-3.716
-6.426	-5.826	0.924	-10.371
-6.426	-5.826	5.520	-4.530
-6.426	-5.826	-3.735	-3.549
-6.426	-5.826	-0.775	-1.476
-6.426	-5.826	-3.842	0.901
-6.426	-5.826	-8.127	0.605
-6.426	-5.826	-8.430	-3.768
-6.426	-5.826	-13.052	0.506
-6.426	-5.826	-16.003	-3.740
-6.426	-5.826	-7.921	1.990
-6.426	-5.826	-8.276	-1.600
POLYLINE BLACK
-51.711	13.450
-51.261	12.850
POLYLINE BLACK
-93.381	37.150
-93.501	37.270
POLYLINE BLACK
-45.911	6.830
-46.311	7.230
POLYLINE BLACK
0.015	0.026
0.015	0.018
0.007	-0.010
0.015	0.014
0.023	0.006
0.023	-0.002
0.047	-0.018
0.051	-0.026
0.043	-0.014
POLYLINE BLACK
-0.005	0.030
-0.013	-0.010
POLYLINE BLACK
0.039	-0.014
0.019	-0.018
0.003	-0.022
0.027	-0.026
0.035	-0.022
0.023	-0.026
0.015	-0.022
-0.009	-0.022
-0.001	-0.018
-0.001	-0.010
-0.009	-0.002
-0.033	-0.018
POLYLINE BLACK
0.003	0.050
0.019	0.030
0.027	0.006
0.011	0.042
0.047	-0.014
POLYLINE BLACK
0.027	0.002
0.023	-0.018
0.031	-0.022
0.031	-0.010
0.007	0.030
-0.001	0.046
-0.001	0.034
0.011	0.002
0.011	-0.018
POLYLINE BLACK
0.027	0.014
0.015	-0.018
POLYLINE BLACK
0.023	0.038
0.023	0.030
0.015	0.010
0.015	-0.002
0.007	-0.010
POLYLINE BLACK
0.011	0.034
0.003	0.026
-0.005	-0.006

ELEVATION
STATIONS
8.674	-2.836	1.1
16.537	-6.038	1.2
24.204	-14.064	1.888
31.047	-21.088	1.889
39.639	-23.832	1.890
45.148	-24.649	1.891
51.893	-30.566	1.892
56.192	-30.664	1.893
49.851	-18.500	1.894
58.167	-18.249	1.895
61.495	-18.823	1.896
69.101	-21.167	1.897
75.730	-21.047	1.898
79.188	-22.021	1.899
81.824	-22.048	1.900
79.926	-27.847	1.901
96.885	-35.874	1.902
103.209	-34.196	1.903
112.815	-34.978	1.904
121.349	-36.563	1.905
123.225	-37.810	1.906
129.141	-39.961	1.907
134.490	-37.243	1.908
140.329	-32.478	1.909
143.264	-30.039	1.910
147.618	-31.391	1.911
157.294	-29.720	1.912
170.305	-29.495	1.913
177.049	-29.147	1.914
193.639	-22.762	1.915
196.644	-22.435	1.916
SHOTS
193.639	-22.762	196.644	-22.435
196.644	-22.435	198.366	-9.423
196.644	-22.435	194.027	-10.400
196.644	-22.435	195.827	-22.371
196.644	-22.435	195.349	-26.529
196.644	-22.435	197.262	-22.418
196.644	-22.435	200.911	8.862
196.644	-22.435	196.516	-24.038
196.644	-22.435	199.892	8.540
196.644	-22.435	196.451	-22.297
196.644	-22.435	196.650	-22.747
177.049	-29.147	193.639	-22.762
193.639	-22.762	191.395	-26.887
193.639	-22.762	193.199	-23.717
193.639	-22.762	192.222	-17.007
193.639	-22.762	193.417	-22.150
193.639	-22.762	191.852	-22.696
170.305	-29.495	177.049	-29.147
177.049	-29.147	177.033	-29.617
177.049	-29.147	176.210	-21.239
177.049	-29.147	178.469	-28.968
177.049	-29.147	174.736	-29.006
157.294	-29.720	170.305	-29.495
170.305	-29.495	170.570	-30.725
170.305	-29.495	172.258	-19.152
170.305	-29.495	170.683	-29.198
170.305	-29.495	171.386	-28.347
147.618	-31.391	157.294	-29.720
157.294	-29.720	157.503	-30.804
157.294	-29.720	158.958	-20.407
157.294	-29.720	157.680	-29.747
157.294	-29.720	159.312	-28.352
143.264	-30.039	147.618	-31.391
147.618	-31.391	145.645	-29.140
147.618	-31.391	143.417	-18.057
147.618	-31.391	151.117	-21.879
147.618	-31.391	157.298	-33.821
147.618	-31.391	163.804	-30.805
147.618	-31.391	161.225	-27.013
147.618	-31.391	154.771	-21.994
147.618	-31.391	147.853	-17.329
147.618	-31.391	140.858	-21.586
147.618	-31.391	140.597	-28.656
147.618	-31.391	140.841	-30.807
147.618	-31.391	150.686	-30.731
147.618	-31.391	151.001	-31.535
147.618	-31.391	158.105	-32.675
147.618	-31.391	147.783	-32.069
147.618	-31.391	149.014	-21.743
147.618	-31.391	144.341	-30.574
147.618	-31.391	148.271	-30.908
140.329	-32.478	143.264	-30.039
143.264	-30.039	143.435	-31.511
143.264	-30.039	144.974	-18.175
143.264	-30.039	143.221	-29.980
143.264	-30.039	144.341	-29.760
134.490	-37.243	140.329	-32.478
140.329	-32.478	140.587	-32.916
140.329	-32.478	140.384	-28.979
140.329	-32.478	139.924	-31.940
140.329	-32.478	140.773	-32.210
129.141	-39.961	134.490	-37.243
134.490	-37.243	134.625	-38.179
134.490	-37.243	134.667	-34.619
134.490	-37.243	133.247	-37.075
134.490	-37.243	135.309	-37.102
112.815	-34.978	129.141	-39.961
129.141	-39.961	129.109	-40.360
129.141	-39.961	129.497	-38.671
129.141	-39.961	130.829	-39.517
129.141	-39.961	127.665	-39.409
121.349	-36.563	123.225	-37.810
123.225	-37.810	134.787	-36.448
123.225	-37.810	126.443	-38.065
123.225	-37.810	126.126	-37.593
123.225	-37.810	129.267	-39.487
123.225	-37.810	129.235	-30.901
123.225	-37.810	123.154	-38.213
123.225	-37.810	123.120	-33.833
123.225	-37.810	124.375	-37.576
123.225	-37.810	122.012	-37.504
112.815	-34.978	121.349	-36.563
121.349	-36.563	121.309	-38.112
121.349	-36.563	121.854	-32.278
121.349	-36.563	121.691	-36.361
121.349	-36.563	120.859	-35.320
103.209	-34.196	112.815	-34.978
112.815	-34.978	112.968	-35.931
112.815	-34.978	114.818	-25.751
112.815	-34.978	112.848	-34.836
112.815	-34.978	112.227	-34.671
96.885	-35.874	103.209	-34.196
103.209	-34.196	103.154	-34.988
103.209	-34.196	101.011	-24.277
103.209	-34.196	103.374	-34.122
103.209	-34.196	103.154	-34.150
79.926	-27.847	96.885	-35.874
96.885	-35.874	96.536	-27.054
96.885	-35.874	95.566	-32.970
96.885	-35.874	97.247	-37.175
96.885	-35.874	100.355	-38.101
96.885	-35.874	98.063	-35.796
96.885	-35.874	92.676	-25.755
96.885	-35.874	92.830	-31.865
96.885	-35.874	91.384	-26.740
96.885	-35.874	97.337	-33.576
96.885	-35.874	92.902	-33.898
96.885	-35.874	96.810	-36.751
96.885	-35.874	96.057	-24.259
96.885	-35.874	93.204	-34.626
96.885	-35.874	99.654	-36.368
69.101	-21.167	79.926	-27.847
79.926	-27.847	84.469	-28.285
79.926	-27.847	99.647	-21.295
79.926	-27.847	96.921	-27.020
79.926	-27.847	76.692	-31.156
79.926	-27.847	81.763	-22.363
79.926	-27.847	76.748	-24.601
79.926	-27.847	79.896	-28.195
79.926	-27.847	80.932	-18.290
79.926	-27.847	78.718	-27.408
79.926	-27.847	81.008	-27.388
79.188	-22.021	81.824	-22.048
81.824	-22.048	82.698	-27.796
75.730	-21.047	79.188	-22.021
79.188	-22.021	79.148	-22.660
79.188	-22.021	78.787	-21.232
79.188	-22.021	77.638	-21.578
79.188	-22.021	79.409	-21.982
69.101	-21.167	75.730	-21.047
75.730	-21.047	75.846	-22.420
75.730	-21.047	75.799	-19.904
75.730	-21.047	75.962	-21.023
75.730	-21.047	74.050	-21.229
61.495	-18.823	69.101	-21.167
69.101	-21.167	69.164	-22.373
69.101	-21.167	68.789	-14.938
69.101	-21.167	67.905	-20.800
69.101	-21.167	70.470	-20.616
58.167	-18.249	61.495	-18.823
61.495	-18.823	61.479	-19.590
61.495	-18.823	61.430	-17.290
61.495	-18.823	61.683	-18.722
61.495	-18.823	61.698	-18.675
49.851	-18.500	58.167	-18.249
58.167	-18.249	58.238	-18.478
58.167	-18.249	58.210	-17.541
58.167	-18.249	58.288	-18.092
58.167	-18.249	58.346	-18.198
39.639	-23.832	49.851	-18.500
49.851	-18.500	49.957	-20.210
49.851	-18.500	49.664	-17.052
49.851	-18.500	45.277	-18.447
49.851	-18.500	52.757	-18.304
51.893	-30.566	56.192	-30.664
45.148	-24.649	51.893	-30.566
39.639	-23.832	45.148	-24.649
45.148	-24.649	45.147	-26.092
45.148	-24.649	45.033	-21.487
45.148	-24.649	45.892	-24.436
45.148	-24.649	45.053	-24.214
31.047	-21.088	39.639	-23.832
39.639	-23.832	39.747	-25.295
39.639	-23.832	39.882	-15.020
39.639	-23.832	34.742	-23.288
39.639	-23.832	39.864	-23.808
24.204	-14.064	31.047	-21.088
31.047	-21.088	30.722	-20.998
31.047	-21.088	32.955	-21.990
31.047	-21.088	39.280	-23.797
31.047	-21.088	37.302	-12.803
31.047	-21.088	39.541	-18.029
31.047	-21.088	41.671	-17.950
31.047	-21.088	39.307	-23.142
31.047	-21.088	30.985	-22.441
31.047	-21.088	31.044	-14.852
31.047	-21.088	30.835	-20.916
31.047	-21.088	30.457	-20.803
16.537	-6.038	24.204	-14.064
8.674	-2.836	16.537	-6.038
16.537	-6.038	17.433	-5.974
16.537	-6.038	15.573	-6.417
16.537	-6.038	18.196	-3.723
16.537	-6.038	16.466	-7.186
16.537	-6.038	18.389	-14.514
0.000	0.000	8.674	-2.836
8.674	-2.836	8.275	-1.742
8.674	-2.836	10.791	-2.340
8.674	-2.836	9.140	8.992
8.674	-2.836	8.651	-3.815
8.674	-2.836	17.985	9.553
8.674	-2.836	21.272	4.729
8.674	-2.836	18.587	-2.109
8.674	-2.836	3.718	9.080
8.674	-2.836	-1.416	4.052
8.674	-2.836	5.150	-3.337
8.674	-2.836	1.561	4.952
8.674	-2.836	2.271	-0.421
8.674	-2.836	8.460	-4.096
8.674	-2.836	10.837	-4.784
8.674	-2.836	16.037	0.908
8.674	-2.836	18.466	-0.909
8.674	-2.836	7.539	2.498
8.674	-2.836	9.654	6.463
POLYLINE BLACK
26.430	8.120
26.510	8.120
26.590	8.040
27.110	7.920
26.950	7.880
26.590	7.600
POLYLINE BLACK
25.670	8.120
25.750	8.040
26.070	8.000
26.350	8.000
26.590	7.920
26.030	7.600
POLYLINE BLACK
25.390	7.760
25.590	7.840
25.870	7.840
26.270	7.920
26.710	7.920
26.870	7.960
POLYLINE BLACK
45.530	15.320
46.030	15.320
46.530	15.120
46.830	15.120
47.130	14.920
47.330	14.920
47.030	14.920
46.330	14.620
46.130	14.420
45.830	14.420
45.530	14.020
POLYLINE BLACK
43.830	14.720
44.730	14.820
45.930	14.820
46.830	15.020
47.030	15.020
POLYLINE BLACK
39.730	15.220
39.530	15.320
39.230	15.020
39.330	14.820
POLYLINE BLACK
-2.950	0.140
-2.410	0.020
-1.930	-0.100
-1.810	-0.100
-2.170	-0.580
-2.350	-1.000
POLYLINE BLACK
-3.670	-0.400
-3.370	-0.460
-3.130	-0.460
-2.710	-0.340
-2.590	-0.400
-2.470	-0.340
-2.830	-0.700
-3.010	-1.000
-3.010	-1.120
-3.130	-1.240
POLYLINE BLACK
-3.970	-1.060
-3.490	-0.880
-2.410	-0.280
-2.050	-0.160
-1.930	-0.160
POLYLINE BLACK
15.060	-4.760
15.270	-4.760
15.420	-4.850
15.540	-4.850
15.660	-4.940
15.690	-4.760
15.630	-4.640
15.630	-4.430
15.600	-4.310
POLYLINE BLACK
15.390	-5.210
15.600	-5.300
15.810	-5.360
15.930	-5.480
16.080	-5.570
16.050	-5.510
16.080	-5.450
16.050	-5.300
16.050	-5.180
16.020	-5.030
16.020	-4.850
POLYLINE BLACK
15.190	-4.320
15.550	-4.840
15.910	-5.360
15.990	-5.560
POLYLINE BLACK
17.490	0.910
17.790	0.730
18.150	0.670
17.430	0.430
16.710	0.070
16.770	-0.050
17.310	-0.110
17.310	-0.230
16.710	-0.830
16.650	-1.370
16.410	-1.730
POLYLINE BLACK
14.850	1.510
16.170	1.510
16.110	1.390
14.910	0.850
14.850	0.670
15.390	0.430
15.450	0.310
14.610	-0.530
14.610	-1.190
POLYLINE BLACK
12.270	1.630
13.170	1.870
13.290	1.870
13.230	1.690
12.330	1.090
12.810	0.970
12.930	0.670
12.810	0.310
12.630	0.070
12.570	-0.170
12.630	-0.950
POLYLINE BLACK
9.570	0.370
9.870	0.370
10.350	0.610
10.050	0.310
10.410	0.370
10.530	0.310
10.590	0.070
10.470	-0.110
10.410	-0.710
10.530	-1.250
10.530	-1.370
POLYLINE BLACK
6.870	0.190
7.830	0.430
7.830	0.310
7.470	-0.170
7.770	-0.290
7.950	-0.290
8.250	-0.950
8.250	-1.070
8.430	-1.610
POLYLINE BLACK
5.010	-0.350
4.470	-0.890
4.170	-1.370
4.350	-1.370
5.010	-1.010
5.310	-0.770
5.190	-1.250
5.010	-1.610
5.130	-1.670
5.310	-1.550
5.610	-1.550
6.090	-1.970
6.870	-2.390
POLYLINE BLACK
1.950	-0.110
2.130	-0.530
2.430	-0.830
POLYLINE BLACK
3.510	1.150
3.870	0.430
POLYLINE BLACK
4.950	2.890
5.130	2.710
5.250	2.290
5.370	2.110
POLYLINE BLACK
6.270	4.150
6.390	4.090
6.630	3.610
6.750	3.490
POLYLINE BLACK
8.250	5.110
8.430	4.810
8.550	4.270
8.550	4.030
POLYLINE BLACK
10.770	5.470
10.890	4.510
POLYLINE BLACK
13.410	5.410
13.470	4.750
POLYLINE BLACK
15.870	5.470
15.870	4.990
POLYLINE BLACK
18.570	5.830
18.630	5.530
18.510	4.990
POLYLINE BLACK
20.430	5.770
20.550	5.830
21.210	5.830
21.510	5.890
21.630	5.830
POLYLINE BLACK
17.970	5.770
18.810	5.770
19.050	5.830
19.590	5.830
POLYLINE BLACK
15.210	5.530
15.690	5.650
15.870	5.590
16.590	5.590
16.710	5.530
16.950	5.590
POLYLINE BLACK
12.690	5.530
13.350	5.530
13.890	5.590
14.130	5.650
14.250	5.590
POLYLINE BLACK
10.050	5.650
10.590	5.650
10.890	5.710
11.490	5.710
11.610	5.770
POLYLINE BLACK
7.590	4.990
7.830	5.050
8.490	5.230
8.730	5.290
9.330	5.470
POLYLINE BLACK
5.970	3.970
6.270	4.150
6.870	4.570
POLYLINE BLACK
4.590	2.590
5.310	3.310
5.430	3.370
POLYLINE BLACK
2.910	0.670
3.870	1.690
POLYLINE BLACK
1.350	-0.470
2.190	0.070
2.250	0.190
2.430	0.250
POLYLINE BLACK
39.300	22.100
POLYLINE BLACK
31.500	12.600
31.700	12.600
POLYLINE BLACK
43.600	13.300
43.400	13.300
43.600	12.400
43.700	11.700
43.200	12.000
POLYLINE BLACK
42.500	12.900
42.500	12.600
42.500	12.600
42.400	13.300
43.100	12.600
43.100	12.200
43.000	12.000
42.400	12.100
41.800	12.400
41.600	12.400
POLYLINE BLACK
41.300	13.000
41.600	12.500
41.800	12.800
41.800	13.300
POLYLINE BLACK
41.100	13.100
41.300	12.900
41.100	12.500
41.100	12.200
POLYLINE BLACK
40.800	13.200
40.900	12.900
40.700	12.100
POLYLINE BLACK
38.600	13.000
38.600	12.500
38.400	12.000
39.100	12.500
39.500	11.900
39.900	12.300
40.000	12.800
40.100	13.000
POLYLINE BLACK
35.700	12.100
36.400	12.300
POLYLINE BLACK
35.900	12.600
36.800	12.900
POLYLINE BLACK
35.700	12.600
35.700	12.300
35.500	12.100
35.500	11.700
36.000	11.600
36.200	11.700
POLYLINE BLACK
33.900	12.200
34.100	12.100
35.000	12.900
35.100	12.400
34.900	11.700
POLYLINE BLACK
33.900	12.800
33.900	12.500
34.000	12.000
POLYLINE BLACK
31.600	12.300
32.100	12.400
32.900	12.600
33.700	13.000
POLYLINE BLACK
32.800	12.400
32.900	11.900
32.800	11.600
POLYLINE BLACK
40.500	15.200
41.100	15.200
POLYLINE BLACK
40.200	15.200
40.400	15.000
40.500	14.600
40.400	15.000
40.500	15.400
41.400	16.000
POLYLINE BLACK
39.300	15.200
39.200	14.500
39.300	14.300
39.800	14.400
39.900	14.800
39.900	15.100
39.800	15.300
39.600	15.300
POLYLINE BLACK
36.700	14.900
37.500	14.900
POLYLINE BLACK
36.800	15.200
37.100	15.200
37.500	15.500
POLYLINE BLACK
36.700	15.100
36.700	14.500
36.500	13.900
37.000	13.800
37.400	13.900
POLYLINE BLACK
35.400	15.100
35.600	14.100
35.700	13.900
36.100	15.100
36.100	15.300
POLYLINE BLACK
34.200	14.500
34.800	14.700
POLYLINE BLACK
34.200	14.200
34.200	14.200
34.600	15.200
34.800	15.400
35.000	14.600
35.000	14.300
POLYLINE BLACK
33.700	15.400
33.000	14.600
32.900	14.000
33.300	13.600
33.800	13.500
POLYLINE BLACK
-8.900	-1.200
-8.300	-0.700
-7.800	-0.400
-7.300	0.200
-6.400	0.700
-5.100	0.700
-3.700	1.800
-3.300	2.000
POLYLINE BLACK
-10.500	-2.300
-10.000	-2.000
POLYLINE BLACK
-12.600	-3.600
-12.200	-3.200
-11.900	-3.100
POLYLINE BLACK
-14.600	-4.600
-13.700	-4.300
POLYLINE BLACK
-9.800	-7.800
-9.300	-7.500
POLYLINE BLACK
-11.300	-8.800
-10.800	-8.300
POLYLINE BLACK
-13.300	-9.800
-12.400	-9.400
-12.200	-9.200
POLYLINE BLACK
-5.400	-2.900
-5.600	-3.300
-5.900	-3.600
-6.400	-4.500
-6.400	-5.000
-7.100	-5.800
-7.400	-6.300
-8.400	-6.900
POLYLINE BLACK
29.700	7.000
30.300	7.000
POLYLINE BLACK
27.900	6.700
28.300	6.800
28.700	6.900
POLYLINE BLACK
29.100	9.300
29.700	9.500
POLYLINE BLACK
27.600	9.200
28.100	9.200
28.300	9.300
POLYLINE BLACK
18.600	9.300
19.000	9.400
19.800	9.400
20.200	9.500
20.700	9.500
21.100	9.400
22.100	9.300
22.700	9.300
23.100	9.400
23.600	9.400
24.000	9.200
24.500	9.200
24.700	9.100
25.200	9.200
26.900	9.200
POLYLINE BLACK
-3.500	2.000
-2.400	2.400
-2.000	2.500
-1.700	2.800
-1.700	3.600
-0.900	4.100
-0.300	4.100
1.300	4.600
2.300	6.000
2.500	6.400
2.400	6.600
2.600	7.100
3.000	7.300
3.100	7.700
3.100	8.200
3.200	8.600
3.400	8.800
3.600	8.800
3.800	9.000
4.300	9.000
4.700	9.100
5.100	9.200
6.000	8.900
6.500	9.000
7.100	9.300
7.500	9.200
7.900	9.100
8.300	8.800
9.600	9.200
10.200	9.200
11.100	9.000
11.400	9.000
12.400	9.400
13.200	9.400
14.000	8.800
14.300	8.800
14.700	8.600
15.900	9.000
16.500	9.300
16.900	9.300
17.600	9.400
18.700	9.400
19.000	9.300
POLYLINE BLACK
19.200	-1.600
19.200	-1.100
18.900	-0.800
18.400	-0.500
18.900	0.200
18.900	0.400
19.800	1.000
19.900	1.900
19.800	2.100
20.500	2.900
20.900	3.000
21.200	3.400
21.200	4.500
22.000	5.300
22.300	5.600
22.700	5.800
23.400	5.800
23.800	5.900
24.700	6.100
25.300	6.300
26.400	6.500
26.800	6.500
27.100	6.600
POLYLINE BLACK
-5.200	-2.900
-4.800	-2.800
-4.300	-2.800
-3.500	-2.500
-2.600	-2.500
-1.900	-2.200
-1.600	-1.900
-0.400	-1.100
0.000	-1.000
0.700	-1.000
2.500	-2.100
3.100	-2.600
4.400	-2.900
5.800	-3.800
6.400	-4.200
6.600	-4.100
6.800	-4.200
7.200	-4.100
7.400	-4.100
8.300	-5.000
8.700	-5.400
9.300	-5.300
9.800	-4.800
10.000	-4.800
10.500	-5.300
10.900	-5.200
11.500	-5.000
13.700	-5.700
14.100	-5.800
15.000	-6.200
15.400	-6.800
15.400	-7.300
15.500	-7.500
