Secret_Garden   (m, 360)

[1]: 2014/05/08     0.00  


     1.0                   0.000    0.00    0.00         
     1.0                  80.950  274.28  -15.79  [1]    
     1.0                   5.400  178.72   -0.09  [1]    
     1.0                   7.420  208.43   47.05  [1]    
     1.0                  17.950  226.49   22.41  [1]    
     1.0                  46.610  237.60   11.95  [1]    
     1.0                  53.580  255.67   12.19  [1]    
     1.0                  51.990  275.19    7.58  [1]    
     1.0                  57.520  292.53   -0.24  [1]    
     1.0                  51.480  315.26   41.35  [1]    
     1.0                  15.440  342.53   75.25  [1]    
     1.0                  44.870  274.92  -45.76  [1]    
     1.0                   3.740  131.16   14.67  [1]    
     1.0                  13.590    8.99   19.90  [1]    
     1.0                  18.370    8.77   60.90  [1]    
     1.0         1.1       4.850    1.60   10.10  [1]    
     1.0         1.1       4.850    1.65   10.10  [1]    
     1.0         1.1       4.850    1.63    9.99  [1]    
     1.1                   8.130   13.26   14.53  [1]    
     1.1                  10.720  158.93   85.82  [1]    
     1.1         1.2      17.960   88.82  -11.45  [1]    
     1.1         1.2      17.960   88.81  -11.35  [1]    
     1.1         1.2      17.960   88.82  -11.41  [1]    
     1.2                  14.300   16.54   20.55  [1]    
     1.2                   7.780  210.23   12.21  [1]    
     1.2                  16.290  307.89   85.22  [1]    
     1.2                   1.350  311.94  -88.15  [1]    
     1.2         1.3      12.410   53.29   17.56  [1]    
     1.2         1.3      12.390   53.22   17.33  [1]    
     1.2         1.3      12.390   53.12   17.44  [1]    
     1.3                   7.930  322.44   10.13  [1]    
     1.3                   9.940  178.49    7.04  [1]    
     1.3                  17.010  275.69   82.80  [1]    
     1.3                   2.830  243.30  -76.85  [1]    
     1.3         1.4      21.980   65.30   -8.09  [1]    
     1.3         1.4      21.970   65.24   -8.28  [1]    
     1.3         1.4      21.970   65.24   -8.20  [1]    
     1.4                   9.420  336.01   23.62  [1]    
     1.4                   9.150  149.88    9.79  [1]    
     1.4                  19.750   81.78   72.13  [1]    
     1.4                   1.550   45.43  -83.36  [1]    
     1.4         1.5      17.390   70.36    7.54  [1]    
     1.4         1.5      17.380   70.38    7.38  [1]    
     1.4         1.5      17.380   70.39    7.36  [1]    
     1.5                   7.390  348.35   -0.01  [1]    
     1.5                   6.240  159.12   -1.35  [1]    
     1.5                  19.000  100.18   84.26  [1]    
     1.5                   4.840   42.96  -51.55  [1]    
     1.5         1.6      24.040   80.73   -3.24  [1]    
     1.5         1.6      24.020   80.73   -3.25  [1]    
     1.5         1.6      24.040   80.69   -3.29  [1]    
     1.6                   9.920    6.75    3.31  [1]    
     1.6                   9.070  174.56   20.90  [1]    
     1.6                  26.560  128.93   78.26  [1]    
     1.6                   0.880  265.92  -87.62  [1]    
     1.6                  21.550  132.89    0.46  [1]    
     1.6                  40.930  106.94    5.51  [1]    
     1.6                  46.070   84.01    1.76  [1]    
     1.6                  33.300   63.91    1.18  [1]    
     1.6                  13.600   45.30   -0.43  [1]    
     1.6                  35.130   99.32  -40.68  [1]    
     1.6                  56.910   87.76   20.85  [1]    
     1.1                   0.000    0.00    0.00  [1]    
     1.1         1.7       6.320    5.84   22.38  [1]    
     1.1         1.7       6.320    5.45   22.35  [1]    
     1.1         1.7       6.320    5.36   22.27  [1]    
     1.7         1.8       2.700  219.82    4.48  [1]    
     1.7         1.8       2.700  219.73    4.45  [1]    
     1.8         1.9       6.750  328.05    1.22  [1]    
     1.8         1.9       6.760  327.93    1.43  [1]    
     1.8         1.9       6.750  327.88    1.38  [1]    
     1.9         1.10      9.990    5.47   18.09  [1]    
     1.9         1.10     10.010    5.50   17.98  [1]    
     1.9         1.10     10.000    5.33   18.12  [1]    
     1.10        1.11      2.350  353.96   19.70  [1]    
     1.10        1.11      4.210  353.70   19.23  [1]    
     1.10        1.11      4.220  353.81   19.50  [1]    
     1.11        1.12     25.870  319.10  -22.23  [1]    
     1.11        1.12     25.880  319.21  -22.27  [1]    
     1.11        1.12     25.880  319.17  -22.24  [1]    
     1.12                 14.940  299.48   18.26  [1]    
     1.12                 15.810  101.17   17.34  [1]    
     1.12                 13.580   28.89   71.49  [1]    
     1.12                  1.330  341.02  -81.03  [1]    
     1.12                 16.320   54.19   -2.57  [1]    
     1.12                 16.320   54.19   -2.75  [1]    
     1.12                 16.520   54.16   -2.64  [1]    
     1.12                 27.360  289.22    1.01  [1]    
     1.12                  6.520   74.09   -0.27  [1]    
     1.12                 13.540    7.87   69.48  [1]    
     1.12                  1.450    3.25  -68.10  [1]    
     1.12        1.13     32.110  357.20  -26.97  [1]    
     1.12        1.13     32.160  357.20  -26.93  [1]    
     1.12        1.13     32.160  357.28  -26.82  [1]    
     1.13                  8.710  308.39    4.73  [1]    
     1.13                  8.950  104.74    8.60  [1]    
     1.13                  5.960   67.15   78.67  [1]    
     1.13                  1.150  308.70  -79.23  [1]    
     1.13        1.14     12.750   63.08   10.88  [1]    
     1.13        1.14     12.750   63.07   10.76  [1]    
     1.13        1.14     12.750   63.17   10.84  [1]    
     1.14                  1.220  300.59   -0.15  [1]    
     1.14                  0.420  118.10    8.59  [1]    
     1.14                  7.330    5.69   86.15  [1]    
     1.14                  1.440  337.91  -86.92  [1]    
     1.14        1.15     11.990    3.72  -21.23  [1]    
     1.14        1.15     11.990    3.72  -21.26  [1]    
     1.14        1.15     11.990    3.69  -21.28  [1]    
     1.15                  6.110  331.33    8.05  [1]    
     1.15                  3.440  131.27   29.09  [1]    
     1.15                  8.890   53.95   72.71  [1]    
     1.15                  1.320   24.57  -74.24  [1]    
     1.15        1.16     30.540   48.64    3.61  [1]    
     1.15        1.16     30.660   48.70    3.69  [1]    
     1.15        1.16     30.650   48.61    3.75  [1]    
     1.16                 14.050  317.46   -0.34  [1]    
     1.16                  9.720  121.01   15.10  [1]    
     1.16                 17.430   23.03   76.66  [1]    
     1.16                  6.130  350.44  -62.14  [1]    
     1.16        1.17     24.370  348.49  -12.75  [1]    
     1.16        1.17     24.370  348.50  -12.84  [1]    
     1.16        1.17     24.360  348.38  -12.68  [1]    
     1.17                  6.010  237.05    2.07  [1]    
     1.17                 43.080   89.38   15.80  [1]    
     1.17                 10.300   30.62   82.57  [1]    
     1.17                  1.990  235.40  -78.50  [1]    
     1.17                  7.020  212.78   -0.21  [1]    
     1.17                 23.960  282.46    3.39  [1]    
     1.17                 25.190  311.96   11.27  [1]    
     1.17                  8.410    9.18  -20.73  [1]    
     1.17                 26.060   21.69    9.50  [1]    
     1.17                 38.200   53.74   20.71  [1]    
     1.17                  3.720   90.73    3.57  [1]    
     1.17                 35.540  100.96   22.47  [1]    
     1.12                  0.000    0.00    0.00  [1]    
     1.12        1.18      3.840  153.57  -24.38  [1]    
     1.12        1.18      3.840  153.57  -24.52  [1]    
     1.12        1.18      3.840  153.53  -24.42  [1]    
     1.18        1.19     20.780  254.28  -31.16  [1]    
     1.18        1.19     20.790  254.25  -31.12  [1]    
     1.18        1.19     20.820  254.32  -31.16  [1]    
     1.19        1.20     75.980  250.39  -17.88  [1]    
     1.19        1.20     75.950  250.46  -18.21  [1]    
     1.19        1.20     75.950  250.45  -18.25  [1]    
     1.20                 18.060  139.10   33.59  [1]    
     1.20                 21.660  100.87   33.35  [1]    
     1.20                 29.710   88.34   27.69  [1]    
     1.20                 54.520   71.71    9.95  [1]    
     1.20                 48.500   57.66    6.40  [1]    
     1.20                 13.080   45.98   42.00  [1]    
     1.20                  7.370   16.54   11.32  [1]    
     1.20                 12.380    0.57  -24.65  [1]    
     1.20                 23.380   28.83  -24.42  [1]    
     1.20                  1.880   24.02  -51.86  [1]    
     1.20                  4.120   97.98  -22.07  [1]    
     1.20                 16.790  176.45   32.11  [1]    
     1.20                  8.400  222.29   72.69  [1]    
     1.20                  6.590  325.45    8.11  [1]    
     1.20                  3.440  313.40  -25.76  [1]    
     1.20                 12.040  280.61   18.26  [1]    
     1.20                  4.110  273.89   -5.26  [1]    
     1.20                  2.970  220.53   -1.97  [1]    
     1.20        1.21     19.350  228.62    3.19  [1]    
     1.20        1.21     19.360  228.82    3.11  [1]    
     1.20        1.21     19.350  228.86    2.97  [1]    "old cairn "
     1.21                  9.130  131.41   25.55  [1]    
     1.21                  8.420  298.05   11.66  [1]    
     1.21                 18.240  242.45   85.33  [1]    
     1.21                  0.670  143.75  -82.80  [1]    
     1.21        1.22      5.830  204.24   36.95  [1]    
     1.21        1.22      5.870  205.82   37.60  [1]    
     1.21        1.22      5.850  204.15   37.04  [1]    
     1.22                  1.120  102.90    6.85  [1]    
     1.22                 10.720  287.78    7.88  [1]    
     1.22                 14.370  209.21   85.64  [1]    
     1.22                  1.380  283.22  -77.92  [1]    
     1.22        1.23     47.410  213.17   26.49  [1]    
     1.22        1.23     47.410  213.20   26.48  [1]    
     1.22        1.23     47.410  213.12   26.54  [1]    
     1.23                  6.890  303.62    6.31  [1]    
     1.23                 11.990   68.49   -7.94  [1]    
     1.23                  6.170  350.29   82.85  [1]    
     1.23                  3.340   26.31  -78.22  [1]    
     1.23                  6.090  347.94  -18.95  [1]    
     1.23                  6.570   48.09  -11.38  [1]    
     1.23                  8.570   62.86  -41.65  [1]    
     1.23                 18.330   70.77  -17.06  [1]    
     1.23                 28.350   82.96   10.49  [1]    
     1.23                 24.610  254.75   24.38  [1]    
     1.23                 19.040  247.56   -3.42  [1]    
     1.23                 13.570  277.82  -14.94  [1]    
     1.23                  3.580  215.13  -26.53  [1]    
     1.23                  3.810  153.97   -7.74  [1]    
     1.23                 17.350  130.18   51.00  [1]    
     1.23                 25.170  165.26   59.50  [1]    
     1.23                 41.320  223.80   34.41  [1]    
     1.23                 70.860  223.21   10.56  [1]    
     1.23                 83.690  205.15   21.54  [1]    
     1.23        1.24     11.730  165.82   31.78  [1]    
     1.23        1.24     11.790  166.85   33.00  [1]    
     1.23        1.24     11.780  166.03   31.87  [1]    
     1.24                  8.330  275.87    9.22  [1]    
     1.24                 32.650   61.08   -5.62  [1]    
     1.24                 13.200  345.82   85.91  [1]    
     1.24                  1.570  292.40  -84.83  [1]    
     1.24                 69.290  225.54   15.60  [1]    
     1.24                 84.580  214.30   16.18  [1]    
     1.24                 73.080  215.96   19.01  [1]    
     1.24                 62.250  230.21   19.01  [1]    
     1.24                 24.430  163.81   24.44  [1]    
     1.24                 31.000  159.54   17.65  [1]    
     1.24                 50.270  221.49   24.18  [1]    
     1.24                  2.870  212.94    4.58  [1]    
     1.24        1.25      6.580  121.04  -11.11  [1]    
     1.24        1.25      6.610  116.91   -6.75  [1]    
     1.24        1.25      6.580  119.17   -9.23  [1]    
     1.25                 17.380   12.84    3.63  [1]    
     1.25                 34.500  146.21    2.53  [1]    
     1.25                 13.360  199.31   84.29  [1]    
     1.25                  1.650  155.09  -73.86  [1]    
     1.25                 44.260  140.11    5.44  [1]    
     1.25                 65.880  107.37    1.96  [1]    
     1.25                 17.550   90.90   14.34  [1]    
     1.25                 36.890   71.93  -25.97  [1]    
     1.25                 27.890   32.02  -21.40  [1]    
     1.25                 16.940   51.81   12.12  [1]    
     1.25                 32.580   56.32   -8.61  [1]    
     1.25                 50.210  113.31   -4.13  [1]    
     1.25        1.26     43.000  109.00   -4.02  [1]    
     1.25        1.26     42.990  109.06   -4.07  [1]    
     1.25        1.26     43.000  109.06   -4.11  [1]    
     1.26                 38.830  357.31    0.44  [1]    
     1.26                 11.280  146.69    6.15  [1]    
     1.26                 18.150   32.02   79.06  [1]    
     1.26                  3.530  317.22  -74.40  [1]    
     1.26                 36.490   27.59   25.70  [1]    
     1.26                 33.250    2.66  -31.67  [1]    
     1.26                 40.880  352.17  -17.33  [1]    
     1.26                 31.610   79.12   20.90  [1]    
     1.26                 47.870   80.96   -9.61  [1]    
     1.26                 86.180   62.86  -10.41  [1]    
     1.26                 90.430   55.48    8.08  [1]    
     1.26                 67.530   27.24    5.50  [1]    
     1.26                 69.330   31.17    9.50  [1]    
     1.26                 74.330   58.26  -25.97  [1]    
     1.26                 84.590   64.90  -22.56  [1]    
     1.26        1.27     66.830   74.92  -15.05  [1]    
     1.26        1.27     66.600   74.91  -15.27  [1]    
     1.26        1.27     66.650   74.93  -15.19  [1]    
     1.20                  0.000    0.00    0.00  [1]    
     1.20        1.28     23.790   32.73  -21.34  [1]    
     1.20        1.28     23.780   32.69  -21.33  [1]    
     1.20        1.28     23.790   32.69  -21.30  [1]    
     1.28        1.29      9.530  347.21  -43.61  [1]    
     1.28        1.29      9.530  347.26  -43.59  [1]    
     1.28        1.29      9.520  347.11  -43.37  [1]    
     1.29        1.30     12.400  281.35  -22.08  [1]    
     1.29        1.30     12.400  281.34  -21.99  [1]    
     1.29        1.30     12.400  281.44  -21.95  [1]    
     1.30                  6.160  205.55    6.49  [1]    
     1.30                  2.310   34.68    7.60  [1]    
     1.30                  2.790  129.83   85.38  [1]    
     1.30                  0.700  243.57  -83.81  [1]    
     1.30        1.31     10.840  359.51   -2.03  [1]    
     1.30        1.31     10.850  359.77   -3.80  [1]    
     1.30        1.31     10.840  359.68   -3.76  [1]    
     1.31                  0.740  294.86   10.28  [1]    
     1.31                  3.460   83.13   14.36  [1]    
     1.31                  2.270   29.34   81.14  [1]    
     1.31                  1.340  177.87  -83.29  [1]    
     1.31        1.32      6.350  348.17   -2.89  [1]    
     1.31        1.32      6.340  348.11   -2.84  [1]    
     1.31        1.32      6.360  348.20   -2.79  [1]    
     1.32                  0.600  262.74   15.65  [1]    
     1.32                  3.530   77.37    9.66  [1]    
     1.32                  1.370   23.22   72.86  [1]    
     1.32                  0.960   85.76  -67.20  [1]    
     1.32        1.33     11.910   28.81    1.02  [1]    
     1.32        1.33     11.890   28.72    0.95  [1]    
     1.32        1.33     11.900   28.76    0.95  [1]    
     1.33                  0.280  314.26    4.15  [1]    
     1.33                  3.520  125.95    1.49  [1]    
     1.33                  2.180  105.55   74.57  [1]    
     1.33                  1.640  312.58  -85.76  [1]    
     1.33        1.34      7.630   58.21   14.98  [1]    
     1.33        1.34      7.590   58.30   14.94  [1]    
     1.33        1.34      7.600   58.19   14.97  [1]    
     1.34                  0.260  356.91    6.08  [1]    
     1.34                  0.500  181.07   -0.37  [1]    
     1.34                  0.560  151.89   56.86  [1]    
     1.34                  1.080   23.30  -87.28  [1]    
     1.34        1.35      6.850   81.72  -20.71  [1]    
     1.34        1.35      6.840   81.67  -20.68  [1]    
     1.34        1.35      6.840   81.68  -20.62  [1]    
     1.35                  2.350  310.91    9.73  [1]    
     1.35                  9.700   85.52   28.48  [1]    
     1.35                  3.050   21.29   78.89  [1]    
     1.35                  0.260  330.60  -71.94  [1]    
     1.35        1.36      7.610  344.95    6.49  [1]    
     1.35        1.36      7.620  344.95    6.53  [1]    
     1.35        1.36      7.610  344.93    6.55  [1]    
     1.36                  0.410  279.03    3.81  [1]    
     1.36                  2.530   67.98   -3.08  [1]    
     1.36                  0.620   25.38   71.34  [1]    
     1.36                  1.570  193.30  -84.56  [1]    
     1.36        1.37     13.440  331.56  -37.36  [1]    
     1.36        1.37     13.440  331.50  -37.32  [1]    
     1.36        1.37     13.440  331.47  -37.41  [1]    
     1.37                  1.510  250.13    7.37  [1]    
     1.37                  3.480   50.91   11.35  [1]    
     1.37                  1.970  322.73   73.75  [1]    
     1.37                  0.830   71.14  -61.78  [1]    
     1.37        1.38      8.520  329.67  -31.33  [1]    
     1.37        1.38      8.540  329.90  -31.31  [1]    
     1.37        1.38      8.530  329.72  -31.28  [1]    
     1.38                  3.390  235.97   10.24  [1]    
     1.38                 10.390   36.48    4.61  [1]    
     1.38                  2.920  266.83   73.11  [1]    
     1.38                  0.620   60.61  -82.80  [1]    
     1.38        1.39     10.060  357.09  -19.88  [1]    
     1.38        1.39     10.060  356.31  -12.40  [1]    
     1.38        1.39     10.060  356.81  -18.12  [1]    
     1.39                  0.950   34.93   -4.51  [1]    
     1.39                  2.480  241.74    7.68  [1]    
     1.39                  0.240  219.66   -2.58  [1]    
     1.39                  0.430  301.11   70.94  [1]    
     1.39                  1.580  296.09  -77.83  [1]    
     1.39        1.40     15.900  260.35  -38.00  [1]    
     1.39        1.40     15.920  260.23  -38.11  [1]    
     1.39        1.40     15.890  260.46  -38.04  [1]    
     1.40                  9.380  158.99   24.92  [1]    
     1.40                  8.580  312.70    2.77  [1]    
     1.40                  4.790  268.61   77.77  [1]    
     1.40                  1.530  270.26  -68.26  [1]    
     1.40        1.41     12.570  236.94  -11.56  [1]    
     1.40        1.41     12.570  240.14   -7.42  [1]    
     1.40        1.41     12.570  236.99  -11.55  [1]    "old cairn in lower passage"
     1.41                 14.610  132.53   33.23  [1]    
     1.41                  7.890  298.58    5.51  [1]    
     1.41                  5.660  202.81   74.97  [1]    
     1.41                  0.450   68.10  -78.77  [1]    
     1.41        1.42      6.820   21.21   -1.39  [1]    
     1.41        1.42      6.820   21.13   -1.22  [1]    
     1.41        1.42      6.820   21.15   -1.19  [1]    "old cairn"
     1.42        1.43     15.560   33.09    1.69  [1]    "old cairn "
     1.42        1.43     15.580   33.14    1.63  [1]    
     1.42        1.43     15.550   33.06    1.71  [1]    
     1.43        1.44      8.330   69.27   -0.93  [1]    
     1.43        1.44      8.310   69.23   -0.91  [1]    
     1.43        1.44      8.330   69.22   -0.91  [1]    
     1.41                  0.000    0.00    0.00  [1]    
     1.41        1.45      6.900  234.57   -2.79  [1]    
     1.41        1.45      6.900  234.74   -2.73  [1]    
     1.41        1.45      6.900  234.78   -2.77  [1]    
     1.45        1.46     15.570  208.49   -1.10  [1]    
     1.45        1.46     15.560  208.54   -1.08  [1]    
     1.45        1.46     15.560  208.53   -1.12  [1]    
     1.46                 12.910  127.95   32.90  [1]    
     1.46                  5.430  283.13   -2.41  [1]    
     1.46                  6.380  151.47   71.60  [1]    
     1.46                  0.890  215.37  -72.50  [1]    
     1.17                  0.000    0.00    0.00  [1]    
     1.17        1.47     32.310   40.38    0.57  [1]    
     1.17        1.47     32.280   40.33    0.50  [1]    
     1.17        1.47     32.320   40.28    0.50  [1]    
     1.47                  6.800  332.24    8.97  [1]    
     1.47                 33.870  155.51   12.02  [1]    
     1.47                 18.820  160.45   80.40  [1]    
     1.47                  1.830   86.49  -80.55  [1]    
     1.47        1.48     14.280   80.39   -5.26  [1]    
     1.47        1.48     14.290   80.12   -5.18  [1]    
     1.47        1.48     14.290   80.37   -5.17  [1]    
     1.48                  1.120    4.58   12.73  [1]    
     1.48                 16.840  159.68   10.39  [1]    
     1.48                 11.000   80.05   84.59  [1]    
     1.48                  1.960  154.09  -76.24  [1]    
     1.48        1.49     19.130   56.21   10.18  [1]    
     1.48        1.49     19.150   56.26   10.24  [1]    
     1.48        1.49     19.130   56.24   10.21  [1]    
     1.49                  3.590  329.36   -8.16  [1]    
     1.49                  3.060  138.05   12.67  [1]    
     1.49                  2.780  138.21   80.01  [1]    
     1.49                  2.130  203.93  -82.63  [1]    
     1.49        1.50      9.730   60.68   22.07  [1]    
     1.49        1.50      9.720   60.74   22.07  [1]    
     1.49        1.50      9.710   60.63   22.07  [1]    
     1.50                  1.330  318.60   11.27  [1]    
     1.50                  2.240  179.43   -6.90  [1]    
     1.50                  0.880  254.47   82.50  [1]    
     1.50                  0.430  271.25  -82.07  [1]    
     1.50        1.51      2.580  124.84   26.26  [1]    
     1.50        1.51      2.580  124.82   26.21  [1]    
     1.50        1.51      2.580  124.80   26.33  [1]    
     1.51                  1.950  336.87    9.42  [1]    
     1.51                 14.650  143.56   20.63  [1]    
     1.51                  9.530   94.70   79.72  [1]    
     1.51                  0.920  321.06  -83.03  [1]    
     1.51                 26.700   52.40    6.09  [1]    
     1.51                 24.080   72.58   14.14  [1]    
     1.51                 23.690   89.27   22.40  [1]    
     1.51                 50.800  105.94   29.80  [1]    
     1.51                 25.930  132.39   33.78  [1]    
     1.51                 15.590  177.70   32.92  [1]    
     1.51                  5.320  205.85  -15.33  [1]    
     1.51        1.52     28.460   29.05   -6.19  [1]    
     1.51        1.52     28.480   29.04   -6.14  [1]    
     1.51        1.52     28.490   29.05   -6.02  [1]    
     1.52                  7.630  276.93   -2.01  [1]    
     1.52                 13.970  118.22   16.67  [1]    
     1.52                 10.590   29.37   75.82  [1]    
     1.52                  1.580  138.63  -74.46  [1]    
     1.52        1.53     22.430   62.62   13.87  [1]    
     1.52        1.53     22.430   62.67   13.82  [1]    
     1.52        1.53     22.430   62.64   13.86  [1]    
     1.53                 14.500  318.84    8.38  [1]    
     1.53                 11.350  171.49    6.60  [1]    
     1.53                  3.300  281.80   87.27  [1]    
     1.53                  2.750  190.96  -83.19  [1]    
     1.53        1.54     15.890   52.42   51.40  [1]    
     1.53        1.54     15.980   53.08   51.58  [1]    
     1.53        1.54     16.000   52.41   51.60  [1]    
     1.54                  4.110  300.33   -3.17  [1]    
     1.54                  2.740  129.73    3.03  [1]    
     1.54                  7.590  244.48   78.38  [1]    
     1.54                  1.340   51.83  -85.60  [1]    
     1.54        1.55     17.020   33.76   32.45  [1]    
     1.54        1.55     17.000   33.78   32.34  [1]    
     1.54        1.55     17.010   33.73   32.42  [1]    
     1.55                  3.230  292.02    1.65  [1]    
     1.55                  0.490  114.46   16.42  [1]    
     1.55                  4.400  231.55   87.26  [1]    
     1.55                  2.120  319.73  -80.24  [1]    
     1.55                 13.660   73.50   18.21  [1]    
     1.55                 35.180   64.97   14.11  [1]    
     1.55                 31.230   44.87    8.98  [1]    
     1.55                 28.540   25.59    3.48  [1]    
     1.55                 27.460  359.61    0.35  [1]    
     1.55                 27.330  335.25   -0.32  [1]    
     1.55                 20.630  315.95    3.18  [1]    
     1.55                  7.180  302.83    5.36  [1]    
     1.55                 30.860  312.89   38.01  [1]    
     1.55                 14.120    4.28  -42.83  [1]    
     1.55                 22.580  329.78  -29.57  [1]    
     1.55                 30.160  331.90  -24.32  [1]    
     1.55                 12.510   28.04  -15.25  [1]    
     1.55                 16.980   66.77  -10.41  [1]    
     1.55                 17.530   87.93   -4.40  [1]    
     1.55                 48.610   32.67   56.10  [1]    
     1.55        1.56     62.690   34.18   49.05  [1]    
     1.55        1.56     63.100   33.79   49.11  [1]    
     1.55        1.56     63.380   33.47   49.21  [1]    
     1.55                  0.000    0.00    0.00  [1]    
     1.55        1.57     23.270  329.98  -26.31  [1]    
     1.55        1.57     23.250  329.96  -26.31  [1]    
     1.55        1.57     23.270  330.05  -26.31  [1]    
     1.57                  0.710  103.46  -11.88  [1]    
     1.57                 10.670  207.48    3.00  [1]    
     1.57                 10.210  350.01    6.49  [1]    
     1.57                 11.590  318.54   69.68  [1]    
     1.57                  1.440  221.22  -78.22  [1]    
     1.57        1.58     11.190  320.16  -29.33  [1]    
     1.57        1.58     11.160  320.17  -29.35  [1]    
     1.57        1.58     11.170  320.15  -29.37  [1]    
     1.58                  3.540  182.05    2.08  [1]    
     1.58                  0.800   22.16  -12.94  [1]    
     1.58                  5.010  239.84   75.60  [1]    
     1.58                  1.280  131.22  -85.53  [1]    
     1.58        1.59      4.580  291.51  -28.10  [1]    
     1.58        1.59      4.580  292.57  -27.98  [1]    
     1.58        1.59      4.570  292.59  -28.03  [1]    
     1.59                 12.890  189.89    4.20  [1]    
     1.59                  3.880  347.49    0.38  [1]    
     1.59                  2.500  231.75   81.56  [1]    
     1.59                  1.670   97.36  -76.77  [1]    
     1.59        1.60     10.960  216.41  -30.40  [1]    
     1.59        1.60     10.980  216.44  -30.38  [1]    
     1.59        1.60     10.980  216.34  -30.26  [1]    
     1.60                  3.980  136.36    4.97  [1]    
     1.60                  5.080  305.97    5.95  [1]    
     1.60                  8.770  228.77   79.66  [1]    
     1.60                  1.820  128.48  -74.03  [1]    
     1.60        1.61     14.530  191.12  -18.44  [1]    
     1.60        1.61     14.550  191.17  -18.44  [1]    
     1.60        1.61     14.540  191.11  -18.37  [1]    
     1.61                  3.740   77.32    9.44  [1]    
     1.61                  6.890  245.09   -2.13  [1]    
     1.61                  6.130  305.59   78.89  [1]    
     1.61                  1.940  339.32  -75.46  [1]    
     1.61        1.62      7.330  180.99  -22.07  [1]    
     1.61        1.62      7.330  181.18  -22.12  [1]    
     1.61        1.62      7.330  181.13  -22.11  [1]    
     1.62                  6.050   51.33   11.80  [1]    
     1.62                  1.540  173.37    3.07  [1]    
     1.62                  4.300   88.62   85.85  [1]    
     1.62                  1.570   26.81  -70.04  [1]    
     1.62        1.63      5.970   63.52    7.29  [1]    
     1.62        1.63      5.960   63.23    6.90  [1]    
     1.62        1.63      5.960   63.36    6.82  [1]    
     1.63                  4.020  206.81    5.09  [1]    
     1.63                  0.390   72.56   13.09  [1]    
     1.63                  5.040  125.04   82.51  [1]    
     1.63                  1.370  276.38  -65.20  [1]    
     1.63        1.64      7.550  167.27    6.81  [1]    
     1.63        1.64      7.500  167.45    7.36  [1]    
     1.63        1.64      7.560  165.83   11.33  [1]    
     1.59                  0.000    0.00    0.00  [1]    
     1.59        1.65      5.700   38.56  -26.16  [1]    
     1.59        1.65      5.700   38.41  -26.36  [1]    
     1.59        1.65      5.700   38.60  -26.16  [1]    
     1.65                  3.450  349.67   -0.20  [1]    
     1.65                  3.890  137.17   15.09  [1]    
     1.65                  2.420   56.30   80.11  [1]    
     1.65                  2.750   34.93  -85.39  [1]    
     1.65        1.66      8.460   46.59  -31.05  [1]    
     1.65        1.66      8.460   46.59  -30.91  [1]    
     1.65        1.66      8.480   46.48  -30.86  [1]    
     1.66                  1.880  335.57    5.39  [1]    
     1.66                  0.480  144.31   10.52  [1]    
     1.66                 11.140    8.66   83.03  [1]    
     1.66                  1.330  338.57  -78.92  [1]    
     1.66        1.67     21.960   80.37   -3.40  [1]    
     1.66        1.67     21.990   80.28   -3.33  [1]    
     1.66        1.67     22.010   80.26   -3.40  [1]    
     1.67                  4.280  172.23   17.18  [1]    
     1.67                  7.180  337.02   -2.92  [1]    
     1.67                  2.700   20.48   74.31  [1]    
     1.67                  0.730  358.79  -76.61  [1]    
     1.67        1.68      8.010  326.30  -11.33  [1]    
     1.67        1.68      8.010  326.43  -11.33  [1]    
     1.67        1.68      8.010  326.49  -11.30  [1]    
     1.68                  5.880  324.64    2.18  [1]    
     1.68                  3.180   93.51    9.00  [1]    
     1.68                  0.690  133.97   79.87  [1]    
     1.68                  2.550  338.99  -64.23  [1]    
     1.68        1.69     12.960   18.81  -20.28  [1]    
     1.68        1.69     12.990   18.69  -20.43  [1]    
     1.68        1.69     12.980   18.89  -20.48  [1]    
     1.69                  3.360  278.81    1.58  [1]    
     1.69                 15.110   72.05    0.01  [1]    
     1.69                  1.760   14.43   80.85  [1]    
     1.69                  0.600  269.51  -74.19  [1]    
     1.69        1.70     26.560  348.16  -21.04  [1]    
     1.69        1.70     26.560  348.17  -21.02  [1]    
     1.69        1.70     26.560  348.16  -21.04  [1]    
     1.70                  4.520  258.57   -4.73  [1]    
     1.70                 10.880   75.24    8.77  [1]    
     1.70                  3.520    3.85   79.73  [1]    
     1.70                  3.670  273.55  -66.52  [1]    
     1.70        1.71     18.330  345.42  -27.79  [1]    
     1.70        1.71     18.300  345.43  -27.66  [1]    
     1.70        1.71     18.320  345.31  -27.70  [1]    
     1.71                  8.680  227.11   -4.40  [1]    
     1.71                  8.280   27.89    9.84  [1]    
     1.71                  2.660  256.25   72.34  [1]    
     1.71                  1.500  194.64  -73.02  [1]    
     1.71        1.72     10.080  307.83  -31.53  [1]    
     1.71        1.72     10.090  308.33  -31.57  [1]    
     1.71        1.72     10.100  308.60  -29.57  [1]    
     1.67                  0.000    0.00    0.00  [1]    
     1.67        1.73      6.770   89.57   45.63  [1]    
     1.67        1.73      6.620   89.76   45.69  [1]    
     1.67        1.73      6.780   89.10   45.65  [1]    
     1.73                  2.270   39.11   -1.05  [1]    
     1.73                  1.650  198.96    4.33  [1]    
     1.73                  0.260  236.77   68.14  [1]    
     1.73                  0.730   62.33  -81.91  [1]    
     1.73        1.74      6.560  125.04   25.42  [1]    
     1.73        1.74      6.550  125.02   25.33  [1]    
     1.73        1.74      6.560  124.92   25.48  [1]    
     1.74                  3.860   33.24   11.89  [1]    
     1.74                  3.100  207.66   11.19  [1]    
     1.74                  2.270   76.37   82.62  [1]    
     1.74                  0.550   62.61  -72.22  [1]    
     1.74                  8.200  111.62   21.57  [1]    
     1.74        1.75      8.670  111.55   21.69  [1]    
     1.74        1.75      8.670  111.52   21.73  [1]    
     1.74        1.75      8.660  111.60   21.64  [1]    
     1.75                  2.220    4.19   14.67  [1]    
     1.75                  5.890  150.56   11.12  [1]    
     1.75                  5.510   22.53   85.83  [1]    
     1.75                  0.280  325.60  -74.91  [1]    
     1.75                  8.650   75.20   37.02  [1]    
     1.75                  8.000  242.30    4.51  [1]    
     1.75                  9.380  218.50   28.45  [1]    
     1.75                 13.760  147.39   33.41  [1]    
     1.75                  4.100  194.02  -18.54  [1]    
     1.75        1.76     17.060  186.26   32.16  [1]    
     1.75        1.76     17.140  187.23   32.98  [1]    
     1.75        1.76     17.170  186.26   32.22  [1]    
     1.76                  1.810  144.15   18.42  [1]    
     1.76                  3.120  352.62   12.23  [1]    
     1.76                  1.970   32.72   80.67  [1]    
     1.76                  2.830  320.61  -69.48  [1]    
     1.76        1.77      6.430  303.13    7.19  [1]    
     1.76        1.77      6.430  302.87    7.19  [1]    
     1.76        1.77      6.430  302.80    7.19  [1]    
     1.77                  6.320  159.34    3.96  [1]    
     1.77                  2.770  334.90   11.94  [1]    
     1.77                  6.070  292.41   89.21  [1]    
     1.77                  0.480  190.16  -76.44  [1]    
     1.77        1.78      5.470  253.73   32.17  [1]    
     1.77        1.78      5.470  259.24   34.48  [1]    
     1.77        1.78      5.480  253.73   32.20  [1]    
     1.78                 15.560  134.93   21.32  [1]    
     1.78                 16.760  296.78   17.69  [1]    
     1.78                 21.780  178.99   67.08  [1]    
     1.78                  0.850  252.23  -82.79  [1]    
     1.78        1.79      5.430  183.98   10.10  [1]    
     1.78        1.79      5.430  183.96   10.11  [1]    
     1.78        1.79      5.440  184.00   10.16  [1]    
     1.79        1.80     23.590  231.96   -1.52  [1]    
     1.79        1.80     23.540  231.92   -1.50  [1]    
     1.79        1.80     23.600  232.01   -1.55  [1]    
     1.53                  0.000    0.00    0.00  [1]    
     1.53        1.81     11.430  149.11   25.96  [1]    
     1.53        1.81     11.420  149.14   25.91  [1]    
     1.53        1.81     11.420  149.21   25.93  [1]    
     1.81                  0.490   75.89   14.67  [1]    
     1.81                  4.780  242.97    5.08  [1]    
     1.81                  2.640  206.79   71.83  [1]    
     1.81                  1.510  208.47  -71.28  [1]    
     1.81        1.82     24.520  175.31   22.97  [1]    
     1.81        1.82     24.510  175.25   22.91  [1]    
     1.81        1.82     24.530  175.26   22.98  [1]    
     1.82                  5.280   84.52   25.02  [1]    
     1.82                  5.840  272.11    4.22  [1]    
     1.82                  3.500  344.47   82.26  [1]    
     1.82                  2.650  274.58  -62.02  [1]    
     1.82        1.83     17.250  179.01   20.48  [1]    
     1.82        1.83     17.170  178.75   20.39  [1]    
     1.82        1.83     17.210  179.23   20.54  [1]    
     1.83                  9.720   87.53   33.01  [1]    
     1.83                 20.620  259.38   -6.82  [1]    
     1.83                  5.810  182.27   82.02  [1]    
     1.83                  0.640  117.94  -81.67  [1]    
     1.83                 20.820  220.90    4.74  [1]    
     1.83                  7.980  190.43   10.44  [1]    
     1.83                 12.250  194.18   43.83  [1]    
     1.83                 13.900  113.62   41.73  [1]    
     1.83                  9.180   28.53    8.61  [1]    
     1.83                  7.660  307.39    8.48  [1]    
     1.83                 11.100  280.01  -35.25  [1]    
     1.83                  5.340  217.07  -11.13  [1]    
     1.83        1.84     35.290  168.39   31.47  [1]    
     1.83        1.84     35.300  168.37   31.46  [1]    
     1.83        1.84     35.310  168.40   31.53  [1]    
     1.84                  6.510    6.92    1.91  [1]    
     1.84                  3.040  197.50    8.93  [1]    
     1.84                  2.470  310.95   68.77  [1]    
     1.84                  1.560  105.09  -80.79  [1]    
     1.84        1.85      8.850   84.81   12.19  [1]    
     1.84        1.85      8.850   84.87   12.30  [1]    
     1.84        1.85      8.830   85.00   12.39  [1]    
     1.85                  5.730  346.38    1.72  [1]    
     1.85                  4.950  149.96   21.63  [1]    
     1.85                  4.400  164.92   85.33  [1]    
     1.85                  1.590  341.04  -74.37  [1]    
     1.85        1.86     21.780   50.67   20.62  [1]    
     1.85        1.86     21.770   50.65   20.57  [1]    
     1.85        1.86     21.780   50.65   20.68  [1]    
     1.86                  3.780  356.34    5.74  [1]    
     1.86                  7.090  169.01   12.63  [1]    
     1.86                  3.150  175.76   80.16  [1]    
     1.86                  1.620   19.07  -79.84  [1]    
     1.86        1.87     10.320  151.41   16.81  [1]    
     1.86        1.87     10.240  151.40   16.59  [1]    
     1.86        1.87     10.240  151.35   16.61  [1]    "G"
     1.87                  8.400  350.51   -0.21  [1]    
     1.87                  0.540  147.27   -6.64  [1]    
     1.87                  1.450   28.03   73.73  [1]    
     1.87                  0.910   83.69  -83.40  [1]    
     1.87                  0.600  328.42   32.20  [1]    
     1.87                  2.990  329.71   37.46  [1]    
     1.87                  2.130  338.87   49.55  [1]    
     1.87                  4.520    7.66  -41.93  [1]    
     1.87                  6.170    4.93  -23.11  [1]    "leo gps - 040155.1\\1144802.6\\130?"
